id	len	rounds	transition	density1	density2
ENST00000378567.7	134926	42	23443	0.275565	1.0245
ENST00000377860.8	129089	182	36364.8	0.142782	1.04667
ENST00000545482.5	129494	200	36364.8	0.115251	1.05359
ENST00000303635.11	255000	114	54279.2	0.0340492	0.600695
ENST00000461311.1	102236	93	60000	0.0590909	0.73125
ENST00000445300.1	95965	30	68949.1	0.0820966	1.15159
ENST00000337907.7	255000	51	22630.9	0.204454	0.784938
ENST00000375592.7	105616	145	45000	0.11875	0.958333
ENST00000361221.7	158035	200	40000	0.257143	1.17826
ENST00000433834.5	145306	77	75000	0.303571	1.25
ENST00000375127.5	117105	5	10000	9.63941e-94	0.895238
ENST00000374632.7	203301	66	21862.6	0.276506	0.849554
ENST00000374332.8	168740	62	27354.6	0.0769829	0.946483
ENST00000373863.3	111292	59	35000	0.233333	0.94
ENST00000463428.5	97503	42	25000	0.175	0.892857
ENST00000493669.2	127413	174	25914.6	0.195757	0.962864
ENST00000526215.5	84339	74	50000	0.127778	0.741667
ENST00000441447.1	90197	194	26164.5	0.0810696	0.658477
ENST00000467673.5	149220	49	101387	0.258493	0.661149
ENST00000337495.9	214909	14	48551.1	0.187606	1.1092
ENST00000372572.5	158427	200	74999.9	0.214285	1.2
ENST00000361776.5	158671	200	74999.8	0.221427	1.1875
ENST00000372257.6	134139	29	20000	0.283333	0.825
ENST00000452396.5	107275	34	20000	0.283333	0.808824
ENST00000361297.6	232512	24	60000	0.277273	1.10882
ENST00000423209.5	88955	200	55000	0.165	0.825
ENST00000372006.5	92655	50	54032.6	0.164476	0.887897
ENST00000371843.7	174174	95	45000	0.25625	1.162
ENST00000489990.5	159799	36	55000	0.04	0.66
ENST00000287727.7	204592	190	95000	0.127778	1.42143
ENST00000357206.6	204142	31	95000	0.116667	1.40476
ENST00000257177.8	129708	58	40000	0.142857	1.10588
ENST00000628545.1	231865	200	55299.6	0.0231565	0.849083
ENST00000417664.6	178873	37	45000	0.175	1.07692
ENST00000294383.6	148755	84	55000	0.24	1.20833
ENST00000634364.1	255000	29	30000	0.22	1.17222
ENST00000407417.7	255000	31	50000	0.161111	1.01341
ENST00000635023.1	255000	21	33884.3	0.305145	0.908738
ENST00000251157.10	233539	37	55000	0.1	1.22429
ENST00000527864.1	72642	200	35003	0.208342	0.614312
ENST00000491076.1	77279	114	45000	0.275	0.725
ENST00000455406.5	156400	28	28458.9	0.187664	1.07552
ENST00000630350.2	255000	47	40000	0.471429	0.705814
ENST00000357731.9	255000	8	160000	0.1	0.571053
ENST00000328299.3	255000	30	53184.3	0.245768	0.849329
ENST00000370812.7	130437	51	35000	0.166667	0.878947
ENST00000445065.5	130441	51	35000	0.166667	0.878947
ENST00000370791.7	98798	74	25000	0.15	0.810714
ENST00000482783.1	81340	95	50000	0.127778	1.35833
ENST00000474957.5	134123	200	59987	0.258857	1.13931
ENST00000370689.6	160437	59	45000	0.25625	0.930435
ENST00000370688.7	127296	66	36364.8	0.152908	0.70744
ENST00000284031.12	146656	83	85000	0.20625	1.075
ENST00000539042.3	146659	35	85000	0.20625	1.07083
ENST00000370571.6	255000	40	23756.6	0.436881	0.964592
ENST00000370551.8	183798	60	55000	0.16	1.16
ENST00000370550.9	195325	92	52081.5	0.123426	1.18731
ENST00000370513.9	148947	29	60000	0.213636	1.20882
ENST00000337338.9	115580	60	25000	0.475	0.752778
ENST00000394593.7	114081	85	25000	0.525	0.720588
ENST00000467231.5	105625	46	55000	0.17	0.86
ENST00000532540.5	203286	165	90000	0.191176	1.45
ENST00000212355.8	205935	146	90000	0.194118	1.4587
ENST00000370310.4	119334	124	45000	0.23125	1.23929
ENST00000613902.4	119363	11	40000	0.128571	1.22333
ENST00000370243.1	119577	170	35000	0.341667	0.953125
ENST00000370244.5	255000	7	10000	0.15	0.627551
ENST00000370214.8	100209	200	49531.2	0.167192	1.28405
ENST00000426398.2	92972	200	44497.6	0.167049	1.17361
ENST00000529992.5	98798	152	40000	0.25	1.15455
ENST00000361544.10	146970	200	69999	0.238454	1.45666
ENST00000336454.3	167678	200	55015.1	0.15512	1.35011
ENST00000527011.5	255000	23	83758.7	0.127826	1.22449
ENST00000370056.8	255000	20	84198.3	0.131467	1.25782
ENST00000369709.3	96909	75	60000	0.218182	1.13571
ENST00000343210.11	77400	193	35000	0.0916667	0.675
ENST00000369617.8	255000	33	110000	0.138095	1.13448
ENST00000369611.4	255000	22	107457	0.145077	1.11246
ENST00000358465.6	118384	200	55000	0.24	1.11667
ENST00000356554.7	161424	131	65000	0.0875	1.40789
ENST00000336338.9	231360	4	1.98325e+19	0.307778	2.10566e-13
ENST00000235521.4	109451	52	50000	0.227778	0.977273
ENST00000368346.7	227426	41	46417.4	0.178375	1.03936
ENST00000368194.7	110531	200	55054.2	0.0753519	1.23719
ENST00000430120.3	255000	23	90000	0.117647	1.3197
ENST00000367866.6	206517	151	90000	0.244118	1.23261
ENST00000528517.5	137017	15	25000	0.05	0.886364
ENST00000367767.5	153263	200	40000	0.0928571	1.09091
ENST00000251507.8	255000	74	60000	0.109091	0.808974
ENST00000457696.1	234556	72	60776	0.11472	0.768812
ENST00000308769.12	255000	45	57894	0.113177	1.1251
ENST00000367649.7	255000	16	103192	0.137054	1.22881
ENST00000367634.6	196695	176	60797.1	0.308052	1.20945
ENST00000324778.5	158138	103	65000	0.333333	1.22222
ENST00000367623.8	121680	85	58398.6	0.323592	0.928885
ENST00000367607.7	160143	70	50000	0.222222	1.21818
ENST00000367589.3	254095	60	75000	0.103571	1.29
ENST00000258341.4	122133	30	71774.9	0.21389	1.25904
ENST00000304685.8	255000	200	50003.8	0.211127	1.03416
ENST00000235307.6	241963	34	43544.7	0.11815	1.15648
ENST00000367435.3	131885	150	70000	0.142308	1.09583
ENST00000367433.9	255000	22	70000	0.226923	1.16892
ENST00000294725.13	255000	72	75000	0.260714	1.17917
ENST00000235453.8	222938	98	48025.7	0.276133	1.10696
ENST00000358823.6	121147	51	31983.3	0.286906	0.988544
ENST00000367218.7	117293	41	20000	0.466667	0.8
ENST00000543354.5	222232	43	52666.1	0.169925	1.05866
ENST00000366959.4	223519	137	50657.5	0.151004	1.0547
ENST00000366956.9	202528	200	94999.2	0.266663	1.6238
ENST00000475275.5	204181	65	28343.7	0.207917	1.15141
ENST00000366933.4	240373	57	46747.6	0.25657	1.06228
ENST00000402574.5	136274	110	60000	0.0727273	1.18667
ENST00000366917.5	133902	200	64176.3	0.124054	1.22918
ENST00000281701.10	103054	44	25000	0.225	0.843333
ENST00000272133.3	124257	68	50000	0.25	0.846429
ENST00000635051.1	155815	35	70000	0.126923	0.838235
ENST00000366844.7	166308	40	70000	0.119231	0.907895
ENST00000366764.6	255000	51	85000	0.25625	1.28088
ENST00000366769.7	255000	136	90000	0.311765	1.28636
ENST00000440339.1	91189	33	50000	0.0277778	0.775
ENST00000391860.6	111890	200	22993.4	0.199909	0.852268
ENST00000258229.13	255000	32	40000	0.242857	0.830233
ENST00000366603.6	160593	200	80156.5	0.157173	1.23288
ENST00000349213.7	161325	200	80174.7	0.150581	1.22054
ENST00000535889.5	108701	104	40000	0.335714	1.18462
ENST00000319653.13	255000	196	44957.6	0.136772	1.14874
ENST00000366541.7	244037	53	43544.7	0.296804	0.854188
ENST00000366539.5	255000	33	39394	0.306609	1.0967
ENST00000407071.6	255000	28	50000	0.283333	1.02439
ENST00000462422.5	255000	59	70000	0.223077	1.19595
ENST00000483271.1	81792	200	40011.1	0.23575	0.96267
ENST00000402736.5	119126	200	50000	0.294444	1.01923
ENST00000612396.4	124792	200	60227	0.19609	0.943914
ENST00000263125.9	153159	6	35000	0.05	1.33261
ENST00000344293.5	198124	200	94848.3	0.185075	1.40658
ENST00000632065.1	255000	52	70000	0.2	1.2
ENST00000357604.9	122813	69	40000	0.207143	1.00937
ENST00000377921.7	226773	200	60000	0.15	0.84697
ENST00000345264.9	226918	47	60000	0.145455	0.843939
ENST00000324631.11	255000	43	24181.4	0.497877	0.963744
ENST00000377242.7	255000	50	100000	0.336842	1.09355
ENST00000417816.2	255000	9	60000	0.2	1.17564
ENST00000447548.5	83497	68	55000	0.075	0.12
ENST00000476103.3	83697	200	73105.4	0.0917696	0.14504
ENST00000376454.7	255000	31	25000	0.3375	0.933696
ENST00000635504.1	171839	39	25000	0.3375	0.846552
ENST00000376378.5	102878	200	45000	0.25625	0.781818
ENST00000320152.10	103998	200	45000	0.25625	0.786363
ENST00000376302.5	89208	54	30000	0.09	1.07273
ENST00000305242.9	186881	34	30000	0.59	0.832258
ENST00000375311.1	187145	105	50146.5	0.11579	0.901145
ENST00000560196.5	183665	7	45000	0.0625	0.946296
ENST00000542815.7	208073	87	47773.9	0.124578	0.95354
ENST00000344936.6	122502	14	60000	0.0909091	0.841667
ENST00000277657.12	128425	16	10000	0.1	0.632609
ENST00000374823.9	133365	75	36633.1	0.146941	0.839182
ENST00000346874.8	255000	87	110000	0.130952	1.07414
ENST00000340077.9	255000	86	110000	0.130952	1.07586
ENST00000492478.5	216132	48	115000	0.0931818	1.4325
ENST00000426557.5	103119	105	60000	0.118182	0.45625
ENST00000361781.6	255000	20	90000	0.282353	1.04697
ENST00000608287.1	164491	200	85000	0.29375	0.756667
ENST00000483649.1	76544	200	20000	0.333333	0.75
ENST00000263102.6	117894	200	60000	0.05	1.29545
ENST00000373758.4	103761	62	72926.8	0.236804	1.21576
ENST00000373053.7	195564	60	56499.3	0.103879	1.21046
ENST00000536019.5	195074	12	58833.7	0.11672	1.23538
ENST00000339859.8	128113	51	23349.9	0.196046	1.02708
ENST00000372391.6	135736	59	55000	0.26	1.27812
ENST00000224756.12	189855	8	55000	0.055	0.982692
ENST00000638429.1	176225	79	38016.4	0.130412	1.07089
ENST00000372037.7	176189	57	36324.2	0.120663	1.06522
ENST00000371953.7	108818	112	40000	0.25	0.919231
ENST00000446394.5	104542	96	40000	0.0285714	0.679167
ENST00000265990.10	106557	132	40000	0.285714	0.996154
ENST00000265997.4	241457	42	26112.7	0.13658	0.843278
ENST00000478361.6	99596	200	47114	0.210716	1.20862
ENST00000265986.10	122393	119	50000	0.238889	1.23214
ENST00000443748.6	211026	41	65000	0.104167	0.92069
ENST00000260762.10	210971	43	65000	0.108333	0.922414
ENST00000225235.4	133427	199	70000	0.0307692	1.26667
ENST00000607232.5	246619	17	65000	0.191667	1.2625
ENST00000371103.8	132160	124	75000	0.132143	0.945455
ENST00000356016.7	125937	87	75000	0.142857	0.865
ENST00000370183.2	171550	91	40000	0.25	0.896154
ENST00000369857.8	104356	26	45000	0.31875	0.786364
ENST00000475954.5	109128	200	55000	0.07	1.195
ENST00000369519.3	195073	174	60000	0.209091	1.05741
ENST00000480057.1	80047	200	45000	0.06875	0.464286
ENST00000609571.5	78012	68	40000	0.335714	1.32143
ENST00000355044.7	255000	109	30407.1	0.265971	0.926086
ENST00000369234.4	208633	11	49152.4	0.303742	1.28548
ENST00000355422.10	209704	82	44519.1	0.309977	1.14188
ENST00000489491.1	84296	88	58009.2	0.0509606	0.695683
ENST00000334464.6	98194	66	60000	0.0636364	1.02143
ENST00000454857.5	159966	48	23788	0.325407	0.947979
ENST00000369058.7	114537	195	50000	0.238889	1.40417
ENST00000423243.5	184744	60	30000	0.33	0.71
ENST00000492237.5	97468	13	10000	2	0.791176
ENST00000337195.9	176197	51	50000	0.405556	0.934
ENST00000476817.1	122174	77	45000	0.425	0.753333
ENST00000368693.5	113052	11	28054.3	0.0542197	0.732193
ENST00000623213.1	255000	64	75000	0.264286	1.075
ENST00000368594.7	245661	37	85000	0.1	1.19844
ENST00000423490.5	172318	32	85000	0.103125	1.39412
ENST00000597346.1	91667	45	20000	0.383333	0.707143
ENST00000355260.7	121660	61	27696.8	0.199262	0.939593
ENST00000324932.11	122783	45	30000	0.24	0.955556
ENST00000299492.8	139987	11	14568.5	2.55382e-14	0.921685
ENST00000315204.5	202086	76	63737.8	0.138223	1.03757
ENST00000534127.5	217601	35	28633.6	0.31594	0.827849
ENST00000399455.2	117258	133	50000	0.0611111	1.17308
ENST00000527636.5	255000	63	45000	0.25	0.95119
ENST00000527376.1	89821	200	30000	0.13	0.477273
ENST00000527998.5	80802	40	50000	0.0333333	0.758333
ENST00000482049.5	80674	20	50000	0.0333333	0.808333
ENST00000534317.1	132404	23	75000	0.164286	0.540909
ENST00000355661.7	226929	35	27634.6	0.172493	0.9961
ENST00000531066.5	236149	58	25966.1	0.14471	0.964992
ENST00000531428.1	130191	151	55000	0.29	1.16333
ENST00000396085.5	255000	10	10000	0	1.02653
ENST00000406787.7	225260	38	32972.3	0.299663	0.997865
ENST00000448418.6	201789	55	100000	0.305263	1.1525
ENST00000452803.1	107151	65	48529.9	0.419252	0.624224
ENST00000640790.1	255000	126	43332.2	0.356509	1.29606
ENST00000299413.6	155203	24	33055.9	0.0628735	1.0352
ENST00000532490.1	255000	200	85027.3	0.212581	1.15305
ENST00000638034.1	158729	63	35000	0.391667	0.895833
ENST00000323180.10	188613	106	70000	0.253846	1.17174
ENST00000527667.5	218430	29	40000	0.378571	1.00143
ENST00000398645.6	138397	20	23526.4	0.147586	0.944311
ENST00000529006.6	138401	117	26644	0.25037	0.946704
ENST00000393800.6	154604	200	70000	0.119231	1.14062
ENST00000265636.9	154440	200	70000	0.123077	1.14062
ENST00000253925.11	113701	30	25000	0.175	0.9
ENST00000311172.11	255000	57	33715.3	0.253799	1.07989
ENST00000409418.8	255000	45	35000	0.283333	1.07045
ENST00000632101.1	185846	39	85000	0.259375	0.9775
ENST00000064778.8	197703	45	85000	0.265625	1.07273
ENST00000340360.10	108958	47	20000	0.383333	0.941176
ENST00000356136.7	255000	181	56027.4	0.158188	1.15809
ENST00000278544.9	161976	26	50000	0.0777778	1.01364
ENST00000533568.5	114655	41	82486.8	0.230625	1.35861
ENST00000526968.1	82193	200	159170	0.225791	0.237888
ENST00000529880.1	108636	78	40000	0.207143	1.01154
ENST00000356360.9	109794	200	52206.2	0.0739901	0.904599
ENST00000532317.5	111376	200	54652.5	0.0921653	0.929107
ENST00000305494.5	255000	56	57894	0.180092	1.15407
ENST00000537874.1	194165	6	135000	9.80147e-24	1
ENST00000524892.6	255000	42	42447.8	0.162515	1.05463
ENST00000398093.7	255000	48	35000	0.4	1.06818
ENST00000347596.2	255000	34	60000	0.127273	0.917949
ENST00000282249.6	255000	114	62564.1	0.159577	0.986376
ENST00000282251.9	131500	52	40000	0.15	0.891667
ENST00000531427.5	97593	200	44760.1	0.218814	1.06091
ENST00000526794.1	255000	41	50000	0.233333	0.95122
ENST00000304987.3	128463	145	55000	0.195	1.25
ENST00000545380.5	255000	28	23465.6	0.193203	1.04491
ENST00000415541.5	252679	125	100000	0.126316	1.345
ENST00000264033.5	101874	105	40000	0.25	0.966667
ENST00000260197.11	181491	31	30000	0.2	1.27667
ENST00000532451.1	94645	86	30000	0.26	1.0625
ENST00000344762.5	87369	22	35000	0.15	1.32
ENST00000525234.1	212581	49	80000	0.293333	0.957692
ENST00000535572.5	158708	200	77311.3	0.121298	1.03591
ENST00000447667.2	74446	44	55000	0.045	0.25
ENST00000396373.8	245549	44	35000	0.341667	1.20238
ENST00000544715.1	102865	86	35000	0.316667	0.938462
ENST00000543091.1	145677	9	65000	0.0791667	1.15
ENST00000540811.5	255000	17	39693.3	0.187356	1.29931
ENST00000539780.5	131235	55	36633.1	0.0893563	0.955085
ENST00000381352.7	120864	40	70000	0.169231	0.88
ENST00000615708.4	120009	200	60120	0.113933	0.826152
ENST00000242737.5	111495	28	46031.4	0.232623	0.480004
ENST00000381340.7	255000	180	55662.5	0.26147	1.13879
ENST00000543534.5	115505	32	50000	0.138889	0.911538
ENST00000551451.5	147976	88	85000	0.25	0.845833
ENST00000536562.5	203050	200	100000	0.136843	1.14
ENST00000545147.5	130780	60	97490.5	0.135128	1.38427
ENST00000340811.8	106096	37	50000	0.283333	1.23182
ENST00000636569.1	149715	56	60000	0.0681818	1.41176
ENST00000280871.8	255000	50	28047.5	0.200536	1.06136
ENST00000298910.11	144208	95	30844.5	0.129149	0.738966
ENST00000337898.10	119302	41	52785.7	0.186099	0.86969
ENST00000552108.6	120870	57	27696.8	0.171291	0.773129
ENST00000546868.5	255000	34	35000	0.25	0.890909
ENST00000320560.12	216232	169	35685.7	0.19628	0.996725
ENST00000588078.5	91366	68	50000	0.194444	0.7375
ENST00000448732.1	120451	90	30000	0.3	1.02222
ENST00000347140.7	177242	59	30000	0.3	1.00517
ENST00000353364.7	156052	113	60000	0.0363636	1.17632
ENST00000552115.5	86517	123	35000	0.166667	1.245
ENST00000228705.6	255000	44	60000	0.290909	1.1859
ENST00000355086.7	255000	109	115000	0.302273	1.42321
ENST00000535239.5	184272	150	30887.6	0.139886	0.812331
ENST00000403681.6	142165	50	40000	0.192857	1
ENST00000393577.7	127414	48	40000	0.207143	1.01176
ENST00000535721.1	177287	69	90000	0.164706	1.19706
ENST00000550169.5	98628	164	68202.7	0.132756	0.815734
ENST00000362025.9	76324	134	25000	0.15	0.57
ENST00000548159.5	110200	200	54697.6	0.133387	0.92891
ENST00000551043.5	110163	200	54697.6	0.133387	0.919869
ENST00000266674.9	146541	26	85000	0.096875	1.35833
ENST00000536515.5	144810	18	85000	0.115625	1.36818
ENST00000261180.8	255000	20	125442	0.315505	0.472761
ENST00000436898.5	86032	23	66096.2	0.324551	0.524822
ENST00000547544.5	108604	200	50000	0.133333	0.722727
ENST00000261183.7	208010	200	45863.4	0.074077	1.09951
ENST00000426126.6	90109	200	45020.7	0.112649	1.17258
ENST00000393240.7	255000	56	23652.8	0.298599	0.735606
ENST00000457153.6	255000	28	20000	0.266667	0.743617
ENST00000328827.8	106224	200	51549.4	0.109608	0.694994
ENST00000550510.5	113604	42	80000	0.09	0.633333
ENST00000437004.6	161055	200	85000	0.10625	1.18667
ENST00000321196.7	255000	26	18222.1	0.226678	0.963996
ENST00000546590.2	255000	42	24181.4	0.436419	0.9721
ENST00000309041.11	92294	84	30000	0.25	1.07083
ENST00000552810.5	93197	19	25000	0.05	1.07308
ENST00000428670.7	120760	200	60133	0.0278101	1.42761
ENST00000547232.5	149686	119	41537.8	0.0499877	1.27267
ENST00000339839.9	151667	100	41761.4	0.0539422	1.20583
ENST00000451107.3	136085	52	50000	0.366667	1.33824
ENST00000542666.5	119531	52	80000	0.0666667	0.921429
ENST00000543119.6	120057	57	75000	0.0392857	0.988889
ENST00000392911.6	76183	131	25000	0.4	0.605
ENST00000392837.8	114722	72	30000	0.3	0.746875
ENST00000470628.2	96760	60	25000	0.175	0.628571
ENST00000389153.8	146609	32	25000	0.2875	0.88125
ENST00000608853.5	147137	44	25000	0.2875	0.875
ENST00000551197.1	166966	200	79999.3	0.126662	0.849998
ENST00000281928.7	255000	142	76248.5	0.113146	1.08356
ENST00000455858.2	120184	25	35000	0.108333	1.03235
ENST00000425217.5	255000	57	55000	0.345	0.9425
ENST00000542532.5	117430	200	40000	0.164286	1.30333
ENST00000261833.11	191498	43	32309.7	0.165521	1.06684
ENST00000536996.5	135057	70	85000	0.178125	1.18
ENST00000353487.6	141862	94	85000	0.184375	1.23636
ENST00000358808.6	151136	111	45000	0.325	0.87619
ENST00000537178.5	150590	200	35358.1	0.212364	0.866202
ENST00000333479.11	99149	65	22456	0.241706	1.04806
ENST00000458234.5	220872	21	45000	0.09375	1.07857
ENST00000610343.4	133160	67	45000	0.14375	1.34412
ENST00000382871.3	127964	121	50000	0.227778	1.34333
ENST00000476895.5	93685	51	67480.4	0.125961	1.20472
ENST00000382374.8	111515	106	65000	0.1125	1.47222
ENST00000316334.4	74494	75	50000	0.261111	1.7875
ENST00000399613.1	156303	200	70000	0.157692	1.27353
ENST00000380617.7	98547	200	45000	0.15625	1.235
ENST00000380615.7	104855	200	50025.3	0.177902	1.25043
ENST00000504114.5	105900	200	20000	0.1	0.620588
ENST00000482955.5	71895	48	55000	0.05	0.25
ENST00000434425.5	148490	31	127290	0.346402	0.727757
ENST00000280481.8	200003	45	40000	0.214286	1.02344
ENST00000379589.3	255000	76	67186.8	0.147482	1.13186
ENST00000379561.5	110931	200	54665	0.0825381	0.495179
ENST00000405737.2	79458	77	55000	0.14	0.4625
ENST00000379310.7	255000	48	55000	0.185	1.06125
ENST00000281496.6	241784	122	51093.4	0.149564	1.03414
ENST00000379274.6	189720	63	21841.5	0.389169	1.14886
ENST00000261488.10	255000	57	60000	0.272727	1.08718
ENST00000458659.2	143047	96	15407.8	0.0253887	0.531621
ENST00000340473.7	164395	103	45000	0.05	0.95
ENST00000242848.8	98282	69	35000	0.158333	0.770833
ENST00000311191.10	199873	64	92679	0.178921	1.4055
ENST00000389797.7	189474	200	93982.5	0.183665	1.39157
ENST00000267163.4	178212	136	51372.8	0.0854162	0.894132
ENST00000378383.5	170779	79	55000	0.245	0.81087
ENST00000541916.5	233170	57	55000	0.25	0.982857
ENST00000261667.7	93615	200	59999.5	0.195454	1.48331
ENST00000398119.6	91643	200	60000	0.254545	0.958333
ENST00000298125.6	183200	200	86801.3	0.120233	1.35908
ENST00000242839.8	78822	47	40000	0.107143	1.19286
ENST00000267215.8	255000	65	67186.8	0.0881867	1.04234
ENST00000400324.8	255000	51	71752.3	0.111621	1.07122
ENST00000196169.7	177422	200	51372.8	0.258351	1.13462
ENST00000484389.6	131899	35	45000	0.2	0.964706
ENST00000377865.6	255000	15	118885	0.166835	0.778752
ENST00000611519.4	255000	74	32531.6	0.261945	1.02279
ENST00000615625.1	233756	20	29107.9	0.207789	0.939513
ENST00000376887.8	255000	62	45000	0.25	1.10238
ENST00000629385.1	205503	80	45000	0.25	1.15781
ENST00000376795.6	114686	114	70000	0.15	1.09375
ENST00000376747.7	251804	57	53124.5	0.166227	1.05651
ENST00000345429.10	171766	6	50000	0.138889	1.26042
ENST00000595437.5	255000	53	85000	0.296875	1.11029
ENST00000376581.9	101825	42	55000	0.205	0.683333
ENST00000539966.5	131679	200	70000	0.05	1.13333
ENST00000397517.6	126953	139	70000	0.0461538	1.10455
ENST00000427887.2	226423	46	22898.4	0.269225	1.05359
ENST00000355700.9	184542	56	55000	0.2	1.24
ENST00000376279.7	255000	25	50000	0.205556	1.32073
ENST00000376285.5	255000	28	50000	0.211111	1.31951
ENST00000543140.5	116389	74	30000	0.28	1.08235
ENST00000375820.8	158187	38	30000	0.28	1.228
ENST00000360467.5	205761	144	41509.3	0.290567	1.1569
ENST00000375736.8	151994	88	85000	0.265625	1.35769
ENST00000375630.6	196840	137	80000	0.226667	1.30217
ENST00000539517.6	151866	194	33570.7	0.212214	0.637184
ENST00000616995.4	255000	40	38352.9	0.175309	1.01734
ENST00000555358.5	130975	110	89190.2	0.373359	1.27584
ENST00000355683.9	132603	200	85000	0.35625	1.21667
ENST00000553700.5	107687	171	31116.2	0.0799188	0.925952
ENST00000551314.1	226199	70	30159	0.116549	0.803567
ENST00000346562.6	255000	33	58080.5	0.389866	0.937214
ENST00000356141.8	255000	23	62010	0.454859	0.92916
ENST00000382422.6	122201	196	55000	0.25	0.869231
ENST00000557611.1	255000	200	60003.9	0.177316	1.1436
ENST00000396294.6	255000	67	53184.3	0.228811	0.993356
ENST00000348007.7	83281	200	39520.3	0.344442	1.42318
ENST00000361577.7	112224	79	40000	0.142857	0.957143
ENST00000361462.6	112193	79	40000	0.142857	0.953571
ENST00000399232.6	255000	50	50000	0.25	1.08293
ENST00000245441.9	111359	40	40000	0.0714286	1.18929
ENST00000360392.4	99013	200	44962.6	0.337395	1.20444
ENST00000554399.1	113264	200	23019.6	0.117201	0.990316
ENST00000554335.5	222031	52	50000	0.3	1.11029
ENST00000420358.2	85947	63	25000	0.3125	1.07917
ENST00000395308.5	100395	103	40000	0.15	1.0125
ENST00000559044.5	172531	56	95000	0.116667	1.38
ENST00000561019.1	171185	200	85274.3	0.103798	1.20586
ENST00000261244.9	120056	61	35000	0.275	0.876471
ENST00000556596.1	77516	136	45000	0.125	0.341667
ENST00000556135.1	102810	200	72926.8	0.212298	1.47117
ENST00000332981.9	229260	117	90000	0.167647	1.1963
ENST00000555899.1	167538	200	85000	0.234375	1.15313
ENST00000337537.7	172018	200	85160	0.234706	1.15141
ENST00000341472.9	107886	200	44729	0.135966	0.856103
ENST00000556626.5	133601	200	40665	0.232666	1.12444
ENST00000459628.5	255000	100	71752.3	0.0970247	1.06835
ENST00000553936.5	255000	69	75000	0.15	1.06944
ENST00000556433.5	85071	188	45000	0.125	1.16875
ENST00000193403.10	105298	200	52085.3	0.177454	1.34924
ENST00000554215.5	100745	76	40000	0.164286	1.10833
ENST00000342745.4	103547	78	70000	0.0192308	0.583333
ENST00000439984.7	202380	62	60000	0.2	1.1875
ENST00000553453.5	208922	103	75000	0.210714	1.18269
ENST00000555652.5	255000	12	70000	0.153846	1.08514
ENST00000556509.5	255000	32	24181.4	0.313722	0.98013
ENST00000557031.5	102212	182	35000	0.116667	0.746154
ENST00000356296.8	183304	43	38105.2	0.151589	1.05875
ENST00000216484.6	110777	50	40000	0.15	1.08214
ENST00000557594.5	255000	14	45000	0.14375	1.01786
ENST00000428277.6	255000	56	50000	0.272222	1.00366
ENST00000216517.10	111523	200	35283.1	0.0601252	0.738511
ENST00000380664.9	176686	52	60000	0.168182	1.20652
ENST00000556609.5	157641	50	25000	0.4375	0.563462
ENST00000536315.6	188631	137	70000	0.0961538	1.18478
ENST00000554999.5	157086	200	50273.2	0.107634	0.99666
ENST00000354313.7	179005	200	55017	0.135158	1.16258
ENST00000256339.8	255000	11	123780	0.145227	0.533454
ENST00000304338.7	105424	83	45000	0.0375	1.40417
ENST00000556714.5	107545	32	60000	0.172727	1.1
ENST00000555775.5	153438	51	27361.5	0.251802	0.74503
ENST00000554175.5	78972	69	21157.3	0.140542	0.589295
ENST00000359520.11	139519	21	42240.2	0.253511	0.793007
ENST00000262241.6	137916	33	81727.4	0.258887	1.07722
ENST00000361246.6	125084	200	60000	0.104545	1.51154
ENST00000622697.4	229528	13	91741.7	0.254276	1.12334
ENST00000558402.5	232342	56	57468.3	0.185464	1.13179
ENST00000559709.5	167735	75	60000	0.209091	1.04762
ENST00000558371.5	255000	89	65000	0.170833	0.886842
ENST00000637519.1	138549	200	67253.5	0.124321	1.04818
ENST00000501169.2	255000	13	168727	0.222932	0.97365
ENST00000559210.1	255000	11	168531	0.220142	0.971447
ENST00000566621.5	230613	10	65000	0.154167	1.19697
ENST00000437989.6	230401	63	70000	0.203846	1.21094
ENST00000299084.8	104924	98	45000	0.125	1.04545
ENST00000299092.3	121194	21	101208	0.263923	0.444794
ENST00000558357.5	136667	22	23526.4	0.112644	0.974788
ENST00000458630.5	255000	55	33173.9	0.142515	1.07059
ENST00000417257.5	255000	38	39394	0.247578	1.05973
ENST00000560955.5	126479	44	30000	0.27	1.15526
ENST00000560508.1	97100	84	18098.8	0.0354854	0.735166
ENST00000449909.7	173824	82	65000	0.275	1.2881
ENST00000553916.5	215538	46	105000	0.1825	1.28182
ENST00000358212.10	221763	186	80000	0.116667	1.14464
ENST00000561152.1	246912	157	75892.1	0.106292	1.1396
ENST00000430119.6	111849	200	54021.7	0.142128	1.14388
ENST00000537372.5	112500	200	54021.7	0.147228	1.16175
ENST00000402627.5	152723	189	65000	0.141667	1.17059
ENST00000260408.7	161172	143	65000	0.145833	1.17105
ENST00000557998.5	108294	80	30000	0.28	0.843333
ENST00000558571.1	145045	200	72295.6	0.153902	1.11607
ENST00000551975.5	255000	85	105000	0.2325	1.315
ENST00000561400.1	137819	70	60000	0.0590909	1.28333
ENST00000431932.6	130348	200	40275.1	0.282638	1.18172
ENST00000564674.5	100836	200	45000	0.34375	1.24091
ENST00000307102.9	105496	200	52415.4	0.0287313	1.2197
ENST00000327367.8	129351	200	59999.7	0.254542	1.06538
ENST00000535744.5	117323	183	31736	0.0536358	0.883527
ENST00000562190.1	88022	30	60000	0.245455	0.57
ENST00000545237.1	133489	200	65086.2	0.262697	1.10093
ENST00000261858.6	111566	140	60000	0.127273	1.06
ENST00000539319.5	106454	73	45000	0.1875	0.858333
ENST00000322954.10	109040	200	50000	0.205556	0.909091
ENST00000444904.5	255000	52	23161.9	0.33264	0.989737
ENST00000570085.5	87058	191	30000	0.07	0.563636
ENST00000339362.9	253496	78	70000	0.215385	1.17083
ENST00000558964.5	250109	66	53124.5	0.129867	1.13778
ENST00000560595.5	94814	200	30000	0.07	0.879167
ENST00000560044.5	80095	154	35000	0.15	0.894444
ENST00000565970.5	199354	72	38330.7	0.204973	0.853186
ENST00000564590.5	202479	130	36971.3	0.182483	0.853628
ENST00000569159.1	167596	114	65000	0.129167	1.03
ENST00000560626.6	255000	60	80000	0.206667	1.29429
ENST00000558494.5	78647	42	40000	0.135714	0.65
ENST00000618205.4	78233	200	37038.8	0.140758	0.638555
ENST00000622346.4	193528	42	50000	0.244444	1.14107
ENST00000299633.6	80266	155	35000	0.208333	0.866667
ENST00000324537.5	171209	82	65000	0.0791667	0.95
ENST00000560256.1	140753	200	95021.4	0.086165	0.589021
ENST00000268035.10	255000	31	70000	0.292308	0.947297
ENST00000558762.5	255000	89	90000	0.341176	0.993939
ENST00000301981.7	139368	139	50000	0.111111	1.08235
ENST00000558861.1	82237	131	45000	0.09375	0.871429
ENST00000560493.5	80345	63	71367.2	0.116098	0.265837
ENST00000338042.10	150495	200	75101.4	0.121904	1.27445
ENST00000268070.8	255000	39	34089.8	0.45345	0.983699
ENST00000559417.1	105114	51	20000	0.416667	0.847059
ENST00000262305.8	97393	120	26531.4	0.181063	0.954473
ENST00000426508.6	101684	4	10000	0.05	0.944444
ENST00000382070.7	152582	94	85000	0.215625	1.24615
ENST00000262367.9	155673	67	90000	0.229412	1.34231
ENST00000294016.7	153535	33	37418.8	0.114922	1.00616
ENST00000268251.12	110011	6	10000	1.8158e-104	0.945
ENST00000563961.5	70651	98	45000	0.025	0.94
ENST00000564111.5	76540	141	20000	0.0333333	0.804545
ENST00000574998.5	138978	71	55000	0.135	0.90625
ENST00000575537.5	78193	54	50000	0.111111	0.55
ENST00000399408.6	193498	200	60000	0.131818	1.22115
ENST00000395799.7	96515	200	45000	0.1875	1.115
ENST00000261588.8	230218	29	25000	0.3375	1.07073
ENST00000304658.9	113875	134	45000	0.275	1.06923
ENST00000566037.6	86425	135	35000	0.275	0.795
ENST00000320640.10	255000	15	34055.8	0.0746679	0.929332
ENST00000416006.7	103262	68	35000	0.166667	0.930769
ENST00000436909.7	78914	41	57223.4	0.102129	0.810981
ENST00000640179.1	140057	114	95000	0.130556	1.17222
ENST00000569863.5	93650	100	63527.6	0.206027	0.979953
ENST00000317147.9	109936	159	31116.2	0.173508	1.00115
ENST00000566899.5	129326	149	55000	0.175	1.19643
ENST00000568886.5	113544	200	15000	0.075	0.810526
ENST00000624829.3	255000	24	65000	0.191667	1.26579
ENST00000563328.4	126455	137	30000	0.29	0.713158
ENST00000566250.5	105661	200	81368.6	0.240789	0.808723
ENST00000564320.1	107533	200	79679.4	0.237039	0.801644
ENST00000563358.5	178918	200	110000	0.285714	1.20769
ENST00000284262.2	95252	78	18098.8	0.381998	0.975229
ENST00000574752.5	91651	94	35000	0.291667	1
ENST00000263092.10	95811	83	35000	0.283333	1.05
ENST00000396981.6	97224	86	60000	0.0590909	0.985714
ENST00000341923.10	100737	92	40000	0.214286	1
ENST00000269243.8	156550	76	46210.8	0.163412	1.08941
ENST00000173229.6	222459	35	33335.2	0.173591	1.10134
ENST00000538465.7	120646	72	50000	0.144444	1.05
ENST00000284110.1	106239	200	52203.9	0.172265	0.911401
ENST00000602743.1	255000	70	80000	0.316667	0.77
ENST00000261643.7	139149	35	80000	0.0633333	1.02727
ENST00000580561.1	137982	35	80000	0.0666667	1.03636
ENST00000577514.5	84309	44	58009.2	0.187773	0.456842
ENST00000341712.8	142712	40	85000	0.26875	1.23636
ENST00000472876.5	227561	11	54150.3	0.198271	0.813609
ENST00000536202.1	153410	45	40000	0.192857	1.18636
ENST00000394848.5	255000	70	85000	0.1125	1.075
ENST00000579081.5	255000	83	53184.3	0.180203	1.07929
ENST00000590041.5	101982	200	49866.6	0.0992565	0.948403
ENST00000446361.7	133661	89	15732.6	0.0307185	0.861316
ENST00000505279.5	155108	38	70000	0.119231	1.27647
ENST00000262013.11	158692	200	74997.7	0.160696	1.32811
ENST00000416426.6	255000	36	28986.8	0.233566	0.85016
ENST00000577840.5	91986	200	45000.3	0.243752	1.31667
ENST00000577830.5	94081	200	45000	0.2375	1.32222
ENST00000589761.1	90479	34	17932.3	0.152034	0.541628
ENST00000590133.5	182992	61	21314.1	0.218783	0.891262
ENST00000397786.6	122678	87	31983.3	0.153366	0.870422
ENST00000258991.7	116001	75	50000	0.188889	0.880769
ENST00000582081.5	119603	148	80000	0.293333	1.24286
ENST00000578386.5	116861	147	80000	0.29	1.24286
ENST00000544778.6	120368	80	50000	0.0555556	1
ENST00000306378.10	157489	88	60000	0.140909	1.03158
ENST00000392650.7	255000	45	28767.6	0.426391	1.16856
ENST00000636222.1	146798	51	40000	0.2	1.01429
ENST00000310924.6	103506	107	42425.8	0.433201	0.721454
ENST00000544334.6	255000	27	57894	0.118405	0.976566
ENST00000320876.10	149280	80	41537.8	0.139466	1.04535
ENST00000584387.1	121065	200	60000.1	0.240909	1.00417
ENST00000306329.15	123286	107	27696.8	0.141587	0.994402
ENST00000578921.5	154387	70	27361.5	0.182384	0.810689
ENST00000587905.5	255000	54	65000	0.329167	0.913158
ENST00000635540.1	161069	69	65000	0.05	1.37105
ENST00000399799.2	164946	200	70000	0.130769	1.31111
ENST00000424526.5	255000	35	35000	0.266667	1.12386
ENST00000269218.10	255000	69	32346.7	0.210068	1.12285
ENST00000256925.11	124705	50	23245.4	0.251918	1.05322
ENST00000577531.5	81224	112	35000	0.166667	1.12222
ENST00000399516.7	255000	28	23603.7	0.355407	1.02805
ENST00000418698.3	164801	200	50033	0.0394471	1.09327
ENST00000269141.7	226481	111	65000	0.2	1.2
ENST00000580104.5	113199	64	30000	0.12	0.85
ENST00000269209.6	202933	62	90000	0.0852941	1.38182
ENST00000399218.8	206963	65	90000	0.0882353	1.40435
ENST00000383096.7	255000	45	42955.2	0.355682	0.726262
ENST00000269197.10	172616	48	73011.7	0.258856	1.52229
ENST00000590412.5	255000	45	65000	0.266667	1.16316
ENST00000591924.5	82065	53	50000	0.0666667	0.891667
ENST00000359247.8	255000	52	62564.1	0.165701	1.13005
ENST00000592611.5	255000	72	32838.8	0.119263	0.913435
ENST00000587139.5	255000	47	37642.5	0.186947	0.920822
ENST00000591629.1	255000	15	40000	0.0714286	0.862791
ENST00000426838.8	197242	20	25000	0.15	1.07206
ENST00000282041.9	119666	42	25000	0.2625	1.01389
ENST00000619301.4	92950	135	50000	0.0666667	0.65625
ENST00000592005.5	180991	50	40000	0.178571	1.2875
ENST00000262160.10	121603	86	45000	0.18125	0.93
ENST00000356825.8	98051	200	45000	0.1625	1.005
ENST00000590800.5	255000	7	69110.3	3.88249e-45	1.08129
ENST00000256413.7	255000	58	22767.9	0.306259	1.07568
ENST00000587752.5	171708	45	28780.6	0.427947	0.942315
ENST00000269445.10	255000	42	65000	0.133333	1.31447
ENST00000588540.1	145498	37	25000	0.225	1.02708
ENST00000566286.5	255000	40	70000	0.226923	1.04324
ENST00000591230.5	120566	117	27696.8	0.323893	1.05791
ENST00000256858.10	119855	122	35698.8	0.0265308	0.935491
ENST00000587725.5	88281	200	41997.4	0.114821	0.941849
ENST00000262719.9	255000	21	105000	0.1575	1.39667
ENST00000640769.1	202915	72	45000	0.20625	1.12097
ENST00000582337.5	206758	200	35830.1	0.0796496	0.746554
ENST00000320610.13	147312	200	35000.6	0.141677	1.05
ENST00000253159.12	146568	53	40000	0.25	1.06429
ENST00000591464.5	74378	10	45000	1.11336e-19	0.67
ENST00000589742.5	102738	36	25000	0.2875	0.963333
ENST00000595618.5	137515	51	28096.4	0.241262	0.981517
ENST00000594824.5	137499	51	28096.4	0.241262	0.981517
ENST00000417582.6	106689	64	73666.8	0.200486	1.16436
ENST00000436370.7	134765	39	23443	0.279786	0.77977
ENST00000308624.9	255000	60	32418.7	0.20131	0.974836
ENST00000407292.1	255000	8	29172.5	0.144793	0.976409
ENST00000463662.5	183459	20	28758.1	0.0817049	0.884734
ENST00000382125.8	188958	37	26742.6	0.0435564	0.884969
ENST00000486484.5	142964	93	60000	0.0454545	1.3125
ENST00000305997.7	151124	76	60000	0.05	1.36667
ENST00000423674.5	116959	55	55000	0.035	0.970833
ENST00000381765.7	123918	200	59801	0.0715386	1.11014
ENST00000381685.9	118313	62	35000	0.191667	0.959375
ENST00000345985.7	119207	108	31736	0.123505	0.951167
ENST00000261535.7	128782	200	65000	0.0666667	1.10833
ENST00000315872.10	164825	75	70000	0.0807692	1.275
ENST00000281513.9	255000	34	38288.6	0.127592	0.966736
ENST00000351948.8	90019	77	22213.2	0.265954	1.05363
ENST00000361078.6	102159	200	50036.2	0.0835878	1.30065
ENST00000486442.5	255000	30	90000	0.364706	1.25
ENST00000361999.7	157446	137	55000	0.145	1.215
ENST00000496333.5	152142	76	45000	0.23125	0.8
ENST00000401432.7	105759	27	30000	0.17	0.9
ENST00000402191.5	112912	120	35000	0.4	0.946667
ENST00000380756.7	109513	4	10000	0.1	1.25263
ENST00000336112.8	140775	200	70025.2	0.123223	1.27171
ENST00000495146.5	101241	200	30724.6	0.0877468	0.681956
ENST00000264710.4	103345	200	30724.6	0.0877468	0.678347
ENST00000450961.5	79582	200	40000	0.364286	0.514286
ENST00000434719.1	78849	50	50376.2	0.355593	0.563054
ENST00000603461.1	134705	50	55000	0.23	0.843333
ENST00000361704.6	255000	29	55000	0.225	0.93125
ENST00000476535.1	114791	200	55011.3	0.0900928	0.972825
ENST00000621856.1	90529	130	35000	0.291667	0.859091
ENST00000280527.6	195210	51	60000	0.204545	1.25926
ENST00000426856.1	108213	141	55000	0.16	1.08
ENST00000484274.1	80901	28	65000	0.0375	0.216667
ENST00000263881.7	188047	200	85000	0.11875	1.58
ENST00000318522.9	163199	166	70000	0.176923	1.2
ENST00000401738.3	161414	74	65000	0.1375	1.18158
ENST00000405006.8	255000	26	24361.9	0.231874	0.889968
ENST00000402247.5	187836	45	36612	0.0627483	0.92842
ENST00000421201.1	191690	163	60540.1	0.0394133	0.846292
ENST00000306156.7	255000	61	67186.8	0.0964742	1.03428
ENST00000419035.1	131018	12	60599.6	0.499104	0.158501
ENST00000441997.5	152351	38	127541	0.334368	2.99877e-32
ENST00000403359.7	98874	77	60000	0.0681818	1.02143
ENST00000389993.7	106407	200	45000	0.20625	1.22083
ENST00000494922.6	189546	12	22758.5	0.16063	0.886934
ENST00000615901.4	215129	26	24212.1	0.225394	0.853931
ENST00000336838.10	131772	35	45000	0.14375	1.31176
ENST00000429095.5	255000	7	81857.5	0.0748138	0.667081
ENST00000472729.1	247335	51	42790.9	0.179331	0.881379
ENST00000405482.5	159253	106	95000	0.113889	1.52917
ENST00000418148.5	150810	136	85000	0.20625	1.25
ENST00000272321.11	255000	16	90000	0.217647	1.23333
ENST00000272322.8	126017	116	45000	0.25625	0.934375
ENST00000303795.8	112602	44	63855.6	0.229375	0.78016
ENST00000445692.5	112560	87	50000	0.133333	0.716667
ENST00000409349.7	159162	200	50264.3	0.130243	0.865079
ENST00000409068.5	182255	57	80000	0.166667	1.325
ENST00000614410.4	187709	7	40000	0.05	0.843103
ENST00000282111.3	176979	42	38726.8	0.500411	1.06494
ENST00000418629.6	181196	29	85000	0.18125	1.17368
ENST00000186436.9	239552	28	85000	0.1875	1.27833
ENST00000409540.7	136872	167	60000	0.181818	1.12
ENST00000376840.8	143637	121	80000	0.15	1.29583
ENST00000425019.5	193753	34	105000	0.15	1.51176
ENST00000639249.1	196559	22	50000	0.316667	0.762069
ENST00000451463.6	149212	87	90000	0.164706	0.840909
ENST00000409501.7	100792	200	49619.6	0.178502	1.28592
ENST00000263708.6	224188	200	75000	0.142857	1.15862
ENST00000485247.1	122305	116	70000	0.130769	0.615
ENST00000409078.7	255000	200	80050.7	0.223723	1.19583
ENST00000259253.10	104367	52	30000	0.16	1.06071
ENST00000492193.1	177256	34	25000	0.3	0.681667
ENST00000264159.10	255000	27	23881.5	0.254128	0.768877
ENST00000483021.5	71216	200	34436	0.259322	0.762473
ENST00000488035.5	100475	78	35000	0.266667	1.05385
ENST00000463875.6	255000	14	98322.3	0.150863	1.30313
ENST00000479735.1	86974	35	30000	0.1	0.804545
ENST00000392857.9	90325	116	63527.6	0.0602987	1.47213
ENST00000638090.1	255000	31	65000	0.245833	1.09605
ENST00000397424.2	116390	200	57370	0.0329197	0.547042
ENST00000435030.5	151510	87	55000	0.255	1.22895
ENST00000334166.8	143612	73	25000	0.525	0.908696
ENST00000288670.13	255000	30	135000	0.157692	1.41667
ENST00000392825.7	255000	30	55826	0.175821	1.08856
ENST00000434213.1	72603	62	35000	0.00833333	0.392857
ENST00000540309.5	146920	200	72253.4	0.181989	1.64284
ENST00000424669.5	95409	125	40000	0.271429	1.04091
ENST00000283233.9	255000	38	25000	0.35	0.609783
ENST00000421462.5	205549	71	70000	0.311538	1.19259
ENST00000263635.7	255000	47	80000	0.226667	1.34714
ENST00000477486.1	126057	100	40000	0.0714286	0.473529
ENST00000482917.1	124631	77	36056.1	0.144102	1.07542
ENST00000409634.5	142617	91	41284.5	0.18995	1.1154
ENST00000488342.5	128581	34	50000	0.238889	0.803333
ENST00000439313.5	113061	37	60000	0.295455	0.71
ENST00000409420.1	106086	11	18787.4	0.0906625	0.843844
ENST00000442316.1	255000	200	40265.9	0.257466	1.10216
ENST00000392687.4	255000	34	97202.4	0.194865	1.1726
ENST00000413010.5	132220	31	70000	0.05	1.075
ENST00000442541.1	94450	35	65000	0.0958333	0.98
ENST00000447486.5	110859	80	65000	0.1	1.27222
ENST00000263812.8	109449	14	25000	0.075	0.984375
ENST00000375213.7	192052	13	47856	0.163353	0.849486
ENST00000409546.5	173124	56	46856.5	0.0938506	1.16995
ENST00000451799.1	90197	181	63527.6	0.0851675	1.12439
ENST00000409156.7	205381	21	70000	0.1	1.17778
ENST00000409888.1	145651	120	65000	0.0916667	1.34687
ENST00000286063.10	255000	8	72321.6	0.0588084	0.814497
ENST00000440010.5	112951	28	90000	0.0411765	1.2375
ENST00000452991.1	90220	9	1.17552e+21	0.0382353	0.0499663
ENST00000410066.5	255000	74	70000	0.111538	0.835135
ENST00000602710.5	82318	76	50000	0.0555556	0.775
ENST00000361354.8	129358	198	55000	0.17	1.36429
ENST00000360982.2	113982	200	54412.4	0.147329	1.38916
ENST00000261023.7	90837	200	44497.5	0.217685	1.38788
ENST00000374907.7	90818	200	44447.6	0.222586	1.38235
ENST00000409637.7	248878	6	65000	0.108333	1.20833
ENST00000392332.7	115970	75	27526.3	0.156308	1.04007
ENST00000438652.5	95280	102	77816.8	0.108366	0.588317
ENST00000260983.7	255000	146	40414	0.252337	1.01271
ENST00000282272.14	255000	8	49794.2	0.0837162	1.01727
ENST00000443023.5	189238	45	42792.5	0.196481	1.05708
ENST00000409397.6	163089	65	55000	0.16	1.36429
ENST00000392238.2	134570	20	90000	0.05	1.475
ENST00000481658.1	89744	13	3.52375e+20	0.04375	0.1
ENST00000438828.3	71589	168	25000	0.075	0.922222
ENST00000449802.5	204996	40	40000	0.221429	1.04375
ENST00000457812.5	140918	74	55000	0.14	0.647059
ENST00000406610.6	255000	29	100000	0.178947	1.31613
ENST00000412387.5	255000	6	195000	0.153947	0.8
ENST00000457206.1	125458	65	36364.8	0.121025	0.840006
ENST00000427836.7	204273	151	38394.7	0.135579	0.918735
ENST00000417946.5	98793	45	25000	0.1875	0.842857
ENST00000430249.6	201399	28	25000	0.225	1.15143
ENST00000452556.5	255000	29	237010	0.425629	0.555856
ENST00000447990.1	138042	49	25000	0.35	0.568182
ENST00000607412.1	153046	22	67843.8	0.261313	0.740396
ENST00000418019.5	113477	54	25000	0.3	0.958824
ENST00000258399.7	118111	63	25000	0.3	0.963889
ENST00000409854.5	146685	128	55000	0.095	1.13056
ENST00000392069.6	99094	126	40000	0.314286	0.777273
ENST00000264414.8	115199	200	60038.8	0.063803	1.22793
ENST00000258418.9	108231	43	75000	0.128571	1.19167
ENST00000409788.7	105203	200	79641.1	0.145929	1.345
ENST00000441279.5	125845	200	59999.8	0.222726	0.873076
ENST00000416021.5	89060	35	65000	0.145833	0.925
ENST00000635100.1	255000	12	95000	0.0833333	1.00781
ENST00000544989.1	164414	148	23292.8	0.483506	0.591815
ENST00000252032.9	158321	20	35000	0.0583333	1.07083
ENST00000262919.9	180083	46	38105.2	0.194037	1.08585
ENST00000446916.2	144840	109	45000	0.225	1.15789
ENST00000407043.6	255000	43	60000	0.268182	1.27179
ENST00000334534.9	192732	54	80000	0.103333	1.34773
ENST00000455532.5	155677	200	60000	0.245455	1.11842
ENST00000354981.6	255000	138	51552.8	0.0907597	1.11098
ENST00000636835.1	255000	138	51552.8	0.0907597	1.11098
ENST00000340348.10	113928	200	103246	0.0661606	0.592228
ENST00000202677.11	255000	33	70000	0.153846	1.21081
ENST00000471007.1	128472	200	65000	0.1	0.858333
ENST00000375279.6	159920	172	70000	0.138462	1.22647
ENST00000333552.9	83130	73	60000	0.0363636	0.3375
ENST00000374864.8	148159	50	35000	0.108333	1.05909
ENST00000262650.10	144724	82	37073.9	0.146591	1.09106
ENST00000612493.4	110856	82	40000	0.121429	1.09643
ENST00000397040.5	105960	93	35000	0.258333	0.932143
ENST00000361337.2	95670	200	50000	0.05	1.27778
ENST00000558993.1	132366	13	60000	0.177273	1.19643
ENST00000373222.3	121567	200	60163.9	0.0640416	1.01473
ENST00000372004.7	154976	90	55000	0.155	0.978947
ENST00000371997.3	153802	89	55000	0.15	0.973684
ENST00000371941.3	203632	200	70000	0.107692	1.21731
ENST00000371917.4	114804	67	35000	0.2	1.13333
ENST00000245663.8	87549	200	39999.9	0.285713	1.11111
ENST00000302995.2	86720	200	40000	0.3	1.11111
ENST00000400202.5	103766	73	60000	0.0909091	1.325
ENST00000285679.10	148887	25	55000	0.035	1.15556
ENST00000286827.7	255000	65	75000	0.167857	1.07917
ENST00000270112.6	130750	200	60000	0.372727	1.46071
ENST00000399353.5	194619	23	80000	0.113333	1.44091
ENST00000451686.5	92552	30	75000	0.1	0.933333
ENST00000443408.6	98002	11	50000	0.05	0.855556
ENST00000344691.8	100890	81	17716.6	0.267868	0.918698
ENST00000338785.7	147801	200	75000	0.0964286	1.14643
ENST00000333229.6	129644	40	30000	0.17	1.14211
ENST00000291572.12	121351	67	25000	0.375	0.878947
ENST00000348831.8	151961	162	26989.8	0.265777	0.858917
ENST00000480896.5	120882	36	25000	0.2125	0.902632
ENST00000342247.9	184780	190	110000	0.252381	1.55
ENST00000615606.4	110929	74	25000	0.4125	1.02059
ENST00000255882.10	151122	77	32949.7	0.141316	1.04485
ENST00000405822.6	167281	56	35000	0.225	1.025
ENST00000398319.6	167211	57	35000	0.225	1.025
ENST00000437398.5	146923	75	50000	0.205556	1.06579
ENST00000358654.2	171459	53	45000	0.1375	0.928
ENST00000406486.8	241728	37	24134.2	0.405307	0.859306
ENST00000544604.6	173896	200	84426	0.250618	1.15215
ENST00000382112.7	152154	32	20000	0.3	1.00769
ENST00000441821.5	77214	200	24998.6	0.462471	0.750003
ENST00000438146.6	255000	21	80000	0.363333	0.965714
ENST00000216181.9	106738	200	50000	0.138889	1.16818
ENST00000301923.13	255000	46	72002.5	0.14603	0.827692
ENST00000355630.7	226405	42	65000	0.0875	1.03594
ENST00000466278.1	117118	200	57273	0.0443489	0.687404
ENST00000263253.8	88294	43	25000	0.15	0.9125
ENST00000389774.6	110227	45	30000	0.17	1.05625
ENST00000414269.1	120227	32	23245.4	0.248555	1.03577
ENST00000359139.7	101787	92	30000	0.38	1.08929
ENST00000448413.5	255000	61	22779.7	0.370777	0.786571
ENST00000272902.9	106136	114	20958.2	0.336775	0.861186
ENST00000302640.12	255000	57	115000	0.340909	1.49643
ENST00000357086.9	255000	57	115000	0.340909	1.49643
ENST00000415439.5	82168	200	40006.3	0.121488	0.962581
ENST00000354449.7	255000	24	28741.7	0.243904	0.790951
ENST00000621198.4	186999	200	89969.9	0.188072	1.41555
ENST00000620175.4	181323	200	88467.9	0.179759	1.42022
ENST00000254508.6	104075	69	30000	0.22	1.05357
ENST00000475707.5	94718	200	20000	0.116667	0.867857
ENST00000412318.5	192184	175	85000	0.1	1.28333
ENST00000399451.6	192536	162	85000	0.09375	1.27857
ENST00000615277.4	205636	147	80000	0.276667	1.248
ENST00000429383.8	255000	77	62678.8	0.274216	1.02138
ENST00000485432.1	156397	23	53926.5	0.202992	0.81444
ENST00000335798.8	255000	51	90000	0.0617647	0.995455
ENST00000475680.5	80295	154	45000	0.06875	0.478571
ENST00000428492.5	255000	50	28986.8	0.322975	1.15924
ENST00000447414.5	255000	43	29218.5	0.293217	1.15443
ENST00000437042.6	169670	44	45000	0.2625	1.1625
ENST00000462272.5	167934	200	40000	0.221429	1.134
ENST00000437179.5	107742	200	35000.7	0.0500086	0.835719
ENST00000425128.6	111700	57	40000	0.1	0.882143
ENST00000635992.1	255000	62	43655.4	0.24449	0.518344
ENST00000453168.5	87637	93	73629.7	0.0390718	0.489741
ENST00000465626.1	101541	56	55344.3	0.347607	0.419879
ENST00000307526.3	131647	72	70000	0.173077	1.09167
ENST00000421391.5	108386	25	50000	0.133333	1.34091
ENST00000483037.5	81186	128	45000	0.11875	1.29286
ENST00000416425.5	101509	104	60000	0.190909	1.05625
ENST00000443503.6	122510	200	79999.8	0.15	1.41249
ENST00000420927.5	79845	200	35000	0.175	1.14375
ENST00000487159.5	212088	200	65757.2	0.185657	1.1073
ENST00000430121.2	78137	200	35005	0.133445	0.95627
ENST00000292246.7	255000	28	34055.8	0.15794	1.02474
ENST00000409792.3	147279	35	60000	0.163636	1.12941
ENST00000423088.5	171940	56	36162.3	0.0488746	1.07763
ENST00000468075.2	111275	200	35282.8	0.036291	0.791666
ENST00000296452.4	117057	200	55000	0.14	1.35833
ENST00000474012.1	78951	121	17213.6	0.376867	0.967305
ENST00000295951.7	172939	200	80000	0.123333	1.21111
ENST00000495879.1	209827	38	60000	0.195455	0.881034
ENST00000295874.14	255000	49	60000	0.2	0.915385
ENST00000330909.12	255000	36	60000	0.0954545	0.869231
ENST00000464060.5	255000	200	55000	0.05	0.86
ENST00000464350.6	167053	151	35986.7	0.143309	0.932534
ENST00000492795.1	246002	56	38808.6	0.34717	0.822113
ENST00000482677.5	255000	25	30000	0.26	0.765556
ENST00000352241.8	228902	156	85000	0.25	1.30893
ENST00000495741.1	139866	56	85000	0.24375	1.22
ENST00000318789.8	255000	34	22767.9	0.217954	0.775635
ENST00000461745.5	255000	39	57458.7	0.257534	0.960509
ENST00000407528.6	255000	33	62564.1	0.204343	0.88984
ENST00000470610.6	255000	32	40000	0.257143	1.0593
ENST00000394091.5	188912	200	30010.3	0.140066	1.05973
ENST00000306107.9	209992	97	41509.3	0.0357861	1.11746
ENST00000472644.6	209519	52	43139.6	0.0682931	1.11606
ENST00000264122.8	213583	44	35000	0.275	1.18
ENST00000454540.5	187046	35	26730.7	0.175152	0.851042
ENST00000361582.7	105165	116	40000	0.278571	1.2
ENST00000493615.5	121372	33	60000	0.0681818	0.929167
ENST00000488663.1	255000	97	72748.5	0.290958	0.846567
ENST00000357258.8	255000	177	73333.4	0.291463	0.850918
ENST00000264235.12	255000	24	105000	0.07	1.17833
ENST00000495504.5	136345	116	80000	0.263333	0.940909
ENST00000264233.5	114576	22	20000	0.15	0.905556
ENST00000261038.5	86345	110	25000	0.0625	0.95
ENST00000464489.5	255000	44	40000	0.342857	1.03605
ENST00000360772.7	255000	44	40000	0.342857	1.03837
ENST00000484491.5	143174	200	69555.4	0.156023	1.1843
ENST00000514908.5	230930	119	95000	0.291667	1.17963
ENST00000483457.1	255000	45	60000	0.3	1.02692
ENST00000484438.1	187841	200	49874.4	0.259663	1.00534
ENST00000510168.5	109140	200	55000	0.08	1.255
ENST00000428331.6	108616	200	55000	0.075	1.28
ENST00000512662.5	255000	11	60000	0.140909	0.996154
ENST00000460933.5	93336	200	45003.8	0.0375437	1.03893
ENST00000620660.4	93611	200	45000.3	0.0312533	1.05
ENST00000606977.5	75642	200	40000	0.15	1.13571
ENST00000490467.5	179641	52	35000	0.283333	1.24107
ENST00000480733.1	234324	25	81197	0.131867	0.940519
ENST00000434713.6	255000	22	83685.8	0.14114	0.926043
ENST00000461822.5	108738	200	50468.5	0.150684	0.864613
ENST00000477593.5	180735	94	60000	0.222727	1.26458
ENST00000464320.5	74665	200	35001.6	0.100019	1.11432
ENST00000479238.1	84572	34	55000	0.09	0.38
ENST00000491086.5	147813	152	55000	0.265	0.844444
ENST00000273432.8	255000	41	42447.8	0.0760063	1.16867
ENST00000460591.5	176026	139	65000	0.145833	0.793182
ENST00000465817.1	136386	70	50000	0.111111	1.04706
ENST00000496455.6	73491	22	35000	0.0416667	1.14286
ENST00000476899.5	244507	86	65000	0.216667	1.03
ENST00000638311.1	131971	40	48394.6	0.240539	0.913688
ENST00000497343.5	255000	39	95000	0.211111	1.3375
ENST00000498165.5	255000	15	85000	0.146875	1.29706
ENST00000465393.1	113472	88	75000	0.221429	0.585714
ENST00000341852.10	255000	22	103192	0.328769	1.20855
ENST00000423427.1	208354	22	58901.6	0.229761	0.926536
ENST00000434257.1	255000	32	125344	0.436249	0.578454
ENST00000491623.2	116900	200	89082.7	0.128642	0.51832
ENST00000630833.2	145549	76	90000	0.126471	0.809091
ENST00000323116.9	128136	90	50000	0.105556	1.27
ENST00000497959.5	83955	90	30000	0.26	1.09
ENST00000328913.7	250233	30	83666.8	0.322248	0.911723
ENST00000466476.1	128478	74	70000	0.184615	0.777273
ENST00000382199.6	181318	139	75000	0.228571	1.14524
ENST00000433971.5	255000	111	90000	0.170588	0.70303
ENST00000454309.6	255000	40	43669.6	0.212988	0.836434
ENST00000489140.1	90567	3	5.53898e+17	0	0
ENST00000481463.5	99671	33	70000	0.0961538	1.39
ENST00000392381.7	219653	112	65978.9	0.0654233	1.17608
ENST00000505286.5	126269	200	60000	0.236364	1.21923
ENST00000502693.1	95665	56	25000	0.3125	0.496429
ENST00000507908.5	117174	94	50000	0.188889	1.06154
ENST00000409021.7	174357	32	25000	0.35	0.953448
ENST00000307659.5	101425	42	35000	0.1	1.04615
ENST00000505872.5	191700	6	10000	0.05	0.868056
ENST00000508274.5	116608	90	35000	0.275	0.775
ENST00000288723.8	116642	89	35000	0.275	0.775
ENST00000637787.1	179864	58	65000	0.15	1.04091
ENST00000326877.8	180678	200	60015.7	0.122807	1.0105
ENST00000503823.5	255000	200	90000	0.2	0.89697
ENST00000506956.5	95952	147	50000	0.183333	1.06667
ENST00000514380.5	109733	200	52182.3	0.202606	1.06386
ENST00000264866.8	171436	62	55000	0.29	1.01087
ENST00000515568.1	78792	200	49912.6	0.310354	1.11854
ENST00000494628.6	144551	200	90075.8	0.309084	0.870408
ENST00000303965.8	178512	14	45000	0.11875	1.10385
ENST00000314117.8	95577	200	36053.5	0.0416453	0.652402
ENST00000446803.6	112756	39	40000	0.242857	1.56429
ENST00000261425.7	77171	200	35000	0.158333	1.4375
ENST00000508137.6	77149	200	35000	0.166667	1.41875
ENST00000399820.7	103407	27	20000	0.233333	1.15625
ENST00000261435.10	101427	21	45000	0.16875	1.14091
ENST00000295971.11	205527	27	28301.4	0.351658	1.18878
ENST00000514782.5	191642	24	29004.8	0.355194	1.13496
ENST00000502682.1	151046	182	65000	0.170833	1.04706
ENST00000512820.5	255000	9	34581.6	0.321146	1.05254
ENST00000264449.14	248717	52	57741.5	0.0954087	1.20271
ENST00000381668.9	248733	53	57741.5	0.0954087	1.20538
ENST00000514170.5	80616	65	10000	0.1	0
ENST00000381501.7	134082	200	55000	0.255	1.12333
ENST00000515684.1	134161	36	97490.5	0.105375	1.0998
ENST00000502520.5	145905	52	95000	0.1	1.08
ENST00000611795.1	92363	200	60000	0.127273	0.841666
ENST00000435527.6	82849	83	50000	0.25	0.85
ENST00000636006.1	255000	58	70000	0.457692	1.05135
ENST00000512091.6	255000	14	28986.8	0.114278	1.04865
ENST00000432638.6	255000	8	49429.3	0.067523	1.05317
ENST00000264485.10	255000	175	80659.7	0.22687	1.17061
ENST00000425175.5	255000	16	57695	0.11753	1.17613
ENST00000505193.1	126370	93	23344.1	0.109027	0.740242
ENST00000286657.9	255000	60	65000	0.320833	1.17895
ENST00000358602.8	185410	30	87687.9	0.32604	1.02547
ENST00000330838.10	183113	31	87593.4	0.322871	1.03978
ENST00000264893.10	88912	200	45000	0.11875	1.3
ENST00000512485.5	99386	105	65000	0.0541667	0.733333
ENST00000325942.10	255000	200	125000	0.36875	1.25385
ENST00000389010.7	103094	200	49671	0.215316	1.09542
ENST00000335016.9	135808	25	50000	0.216667	1.11176
ENST00000346652.10	95164	200	30251.9	0.0658845	0.846917
ENST00000510557.5	85328	200	39999.9	0.25714	1.21667
ENST00000509172.1	105939	200	52203.1	0.10278	1.24341
ENST00000295888.8	255000	200	55662.5	0.14137	1.10535
ENST00000503995.5	255000	12	55000	0.135	1.17125
ENST00000639989.1	255000	17	40096	0.318243	0.657647
ENST00000513186.6	255000	15	41015.8	0.314616	0.701775
ENST00000316707.10	220418	89	85000	0.21875	1.21296
ENST00000512339.5	201784	95	35691.4	0.0334478	0.68909
ENST00000502459.5	255000	200	90000	0.0617647	0.660606
ENST00000420646.6	112878	65	31449.8	0.163422	0.58469
ENST00000542407.5	213545	76	120000	0.3	1.23889
ENST00000513796.5	255000	200	80003.7	0.260029	0.878572
ENST00000453304.5	255000	88	90000	0.311765	0.877273
ENST00000509011.5	130697	77	55000	0.17	1.03333
ENST00000339360.9	180817	200	65000	0.279166	1.03696
ENST00000515440.5	179514	131	75000	0.121429	0.9775
ENST00000508798.5	188204	52	65000	0.0583333	1.01042
ENST00000394853.8	255000	48	120000	0.295652	1.35926
ENST00000514870.1	86816	129	35000	0.15	0.79
ENST00000515279.5	138911	61	45000	0.16875	0.866667
ENST00000394706.7	255000	30	38873.5	0.162894	0.992392
ENST00000394708.6	255000	30	38643.4	0.161322	0.9698
ENST00000503862.5	83524	73	58009.2	0.0962444	1.3141
ENST00000399127.5	255000	157	60439.8	0.170418	0.81878
ENST00000504968.6	105975	51	60000	0.109091	1.37778
ENST00000265175.5	107082	51	60000	0.109091	1.36667
ENST00000296402.9	255000	84	75000	0.332143	1.34306
ENST00000280551.10	113316	84	30000	0.33	1.175
ENST00000394439.5	133688	43	65000	0.270833	1.44615
ENST00000264501.8	210420	32	33768.8	0.152532	1.14544
ENST00000274008.4	255000	26	30000	0.2	0.955556
ENST00000326639.10	150721	25	115000	0.347727	0.807143
ENST00000281142.9	209615	95	29836.3	0.0731524	0.867378
ENST00000442267.2	135356	75	70000	0.157692	1.36923
ENST00000515673.6	255000	10	60000	0.136364	1.21154
ENST00000507462.5	134598	84	80000	0.28	1.29
ENST00000262995.8	137807	200	23526.4	0.243609	0.840888
ENST00000507030.5	255000	200	42966.8	0.223179	1.14264
ENST00000432059.6	255000	15	44439	0.24295	1.1418
ENST00000336498.7	255000	55	31433.1	0.226071	1.11275
ENST00000512865.5	255000	6	40000	0.0785714	1.0814
ENST00000411937.6	178450	113	60000	0.309091	1.03043
ENST00000510413.5	255000	20	90000	0.114706	1.26061
ENST00000357115.7	255000	14	88569.4	0.109398	1.24441
ENST00000511501.5	125425	56	85000	0.18125	1.55
ENST00000604872.5	124081	39	60000	0.136364	0.8
ENST00000281708.8	214843	132	80000	0.2	1.06538
ENST00000353617.6	131973	147	40665.8	0.0971816	0.758768
ENST00000409663.7	170366	106	55000	0.36	1.21957
ENST00000409959.7	170363	108	55000	0.36	1.22174
ENST00000502773.5	210941	188	95000	0.180556	1.5413
ENST00000505478.5	210591	200	95000	0.272222	1.35217
ENST00000504560.5	119199	11	58519.2	0.168164	0.969357
ENST00000513213.5	157219	9	59052.1	0.203507	1.27152
ENST00000511092.5	76513	39	50000	0.216667	0.46
ENST00000265000.8	155215	200	75000	0.0857143	1.3375
ENST00000280190.8	114179	169	45000	0.26875	1.37692
ENST00000403733.7	221485	88	85000	0.15625	1.37407
ENST00000448232.6	218943	87	85000	0.14375	1.38654
ENST00000504273.5	159735	123	65000	0.183333	1.34444
ENST00000614102.4	136039	96	55000	0.135	1.3625
ENST00000512070.6	255000	44	125000	0.19375	1.45577
ENST00000513115.1	102857	125	45000	0.14375	0.813636
ENST00000284268.6	166975	80	65000	0.2875	1.15
ENST00000502436.5	155205	78	90000	0.167647	1.03077
ENST00000274203.13	255000	73	95000	0.194444	1.36719
ENST00000511367.6	131565	57	22112	0.167882	0.921114
ENST00000265109.7	176391	33	45000	0.20625	1.26731
ENST00000514873.5	151013	60	41761.4	0.193973	1.07974
ENST00000282516.12	189655	200	90000	0.0470588	1.33421
ENST00000448238.2	187401	200	90000	0.0470588	1.33421
ENST00000425232.6	143201	48	28201.5	0.222018	0.783543
ENST00000510711.5	104703	200	49609.2	0.269351	0.947286
ENST00000357387.7	136490	75	50000	0.272222	1.22647
ENST00000196371.9	140455	81	45000	0.28125	1.1
ENST00000512996.6	102288	107	18241.3	0.173436	0.64768
ENST00000503561.7	174450	34	70000	0.3	1.24
ENST00000506765.1	122664	200	55000	0.16	1.13077
ENST00000510591.6	255000	95	55662.5	0.0633925	1.22174
ENST00000502271.5	255000	79	53184.3	0.0443477	1.22073
ENST00000230640.9	117822	46	40000	0.1	1.14667
ENST00000509667.5	93046	37	55000	0.17	0.6
ENST00000453022.6	102506	146	40000	0.192857	0.85
ENST00000502658.1	207692	154	90000	0.182353	1.23478
ENST00000252744.5	213898	67	115000	0.3	1.1
ENST00000381070.7	249834	16	34004.1	0.117274	0.871337
ENST00000380985.9	107088	77	40000	0.15	1.03077
ENST00000506539.5	71392	200	34996.9	0.0916528	1.20705
ENST00000284037.9	156075	33	80000	0.253333	1.26667
ENST00000509848.5	126782	79	30000	0.52	1.13684
ENST00000274361.3	168582	13	10000	0.15	0.964516
ENST00000261415.11	137472	29	65000	0.1625	1.29643
ENST00000241436.8	89389	108	50000	0.122222	1.39286
ENST00000274364.10	255000	18	75000	0.275	1.35972
ENST00000519295.5	255000	41	61734.4	0.207988	1.13548
ENST00000255194.10	255000	90	48982	0.151267	1.09139
ENST00000621999.4	118489	200	57242.6	0.0772343	0.873743
ENST00000503686.5	138618	43	28096.4	0.206207	1.02885
ENST00000380345.6	163609	49	27242.8	0.195375	1.03689
ENST00000334082.10	141582	200	68278.9	0.22973	1.01383
ENST00000509193.5	144369	200	35000	0.15	0.916667
ENST00000503483.6	97402	27	45000	0.1125	0.75
ENST00000512098.5	255000	38	55000	0.3	1.39
ENST00000514493.5	255000	31	55000	0.29	1.45375
ENST00000542685.5	233513	48	37506.7	0.157794	1.07079
ENST00000511817.1	255000	121	35947.1	0.132988	1.07113
ENST00000274341.8	83809	31	40000	0.1	2.19443e-113
ENST00000274376.10	123040	151	36056.1	0.150904	1.02525
ENST00000456692.6	122999	95	40000	0.278571	1.03125
ENST00000395965.7	255000	58	57894	0.163922	1.09119
ENST00000231368.9	102052	15	45000	0.1	1.32273
ENST00000512073.1	110928	52	60000	0.213636	0.965
ENST00000359660.9	255000	114	47024	0.23258	0.944705
ENST00000542267.5	255000	66	47904.9	0.220147	0.943067
ENST00000504143.6	255000	46	69004.7	0.257034	0.963995
ENST00000502752.1	94035	130	60000	0.254545	0.55
ENST00000261483.4	177813	43	50000	0.261111	1.234
ENST00000504090.1	140767	62	35000	0.316667	0.666667
ENST00000261486.5	255000	53	45000	0.2	1.10952
ENST00000507379.5	131533	27	55000	0.085	1.11333
ENST00000264773.7	134179	155	75000	0.0535714	0.954545
ENST00000515539.5	207184	36	37075.4	0.0492634	1.00444
ENST00000304058.8	150899	155	45939.5	0.0137691	0.806611
ENST00000510708.5	149005	69	50000	0.0777778	0.810526
ENST00000511130.6	102196	97	60000	0.0590909	1.0875
ENST00000501173.6	116527	200	40000	0.25	0.516667
ENST00000262461.6	105923	65	35000	0.2	0.967857
ENST00000343225.4	104595	75	35000	0.208333	0.938462
ENST00000508989.5	209523	17	30000	0.07	1.22286
ENST00000502468.5	96226	32	30000	0.06	0.903846
ENST00000305031.4	255000	30	100000	0.307895	0.983871
ENST00000506419.5	95597	40	66168.1	0.124255	0.698863
ENST00000505065.1	130568	10	85000	0.153125	1.27778
ENST00000307968.11	155208	69	65000	0.0625	1.2
ENST00000615660.4	155349	182	70000	0.103846	1.22941
ENST00000507002.5	147352	119	26846	0.221827	0.906901
ENST00000297183.10	137605	200	45000	0.04375	0.947222
ENST00000394722.7	70557	128	40000	0.0285714	0.9
ENST00000378004.7	255000	24	105000	0.17	1.455
ENST00000521769.5	80031	36	70000	0.1	8.78985e-31
ENST00000517395.5	106602	39	85000	0.11875	0.55
ENST00000523291.5	86161	36	20000	0.183333	0.988462
ENST00000347982.8	161534	87	42137	0.255699	0.914232
ENST00000380815.4	255000	63	90000	0.285294	1.11818
ENST00000530346.5	153254	38	25000	0.3125	0.826
ENST00000534468.1	121461	52	30000	0.42	0.916667
ENST00000397588.7	177822	140	105000	0.05	1.325
ENST00000472453.5	178069	142	105000	0.05	1.32857
ENST00000330636.8	158347	92	22707.2	0.188222	0.743934
ENST00000324331.10	255000	34	56855.4	0.175197	0.978654
ENST00000274680.8	255000	93	65000	0.241667	1.00132
ENST00000489819.5	105138	48	25000	0.375	0.60625
ENST00000283141.10	87479	93	25000	0.4625	0.970833
ENST00000491710.5	111396	160	40000	0.0928571	0.707143
ENST00000379287.3	129726	200	35000	0.333333	0.669444
ENST00000341776.6	255000	27	120000	0.186957	1.25556
ENST00000506844.1	138936	121	55000	0.145	0.83125
ENST00000244769.8	255000	57	75000	0.278571	1.19444
ENST00000262077.2	91350	200	45014.8	0.0938819	1.128
ENST00000537253.5	91800	200	45020.7	0.0876616	1.117
ENST00000324607.7	110255	68	35000	0.183333	0.893333
ENST00000329474.6	255000	28	125000	0.170833	1.40577
ENST00000374023.7	109560	123	60000	0.05	1.05
ENST00000374026.7	109572	123	60000	0.05	1.06111
ENST00000539068.5	115331	200	54999.9	0.179998	1.27083
ENST00000474522.5	255000	41	100000	0.160526	1.17742
ENST00000274867.8	112503	57	17571.2	0.378322	0.954725
ENST00000538976.5	111881	6	10000	0.15	0.8925
ENST00000541110.5	227121	11	19399.1	0.190984	1.05787
ENST00000372899.5	129443	22	50000	0.0888889	1.25
ENST00000459689.1	126469	71	55000	0.28	1.17857
ENST00000371459.5	255000	64	35947.1	0.0803555	1.00553
ENST00000359314.5	149475	200	70000	0.0884614	1.27667
ENST00000487251.5	110866	9	80000	0.0466667	1.05833
ENST00000370888.5	129142	8	80000	0.0433333	1.29444
ENST00000306858.7	95252	21	20000	0.0666667	0.783333
ENST00000449297.6	255000	10	73814.2	0.191748	0.633631
ENST00000370598.5	255000	30	27788.5	0.177005	1.02643
ENST00000361499.7	147082	68	27157.4	0.190284	0.861605
ENST00000316999.9	193391	200	79977.4	0.0765939	0.977138
ENST00000619054.4	193482	87	80000	0.0866667	0.913636
ENST00000517433.5	218337	60	60000	0.0818182	0.958065
ENST00000422508.6	132532	19	18240.1	0.23572	0.940669
ENST00000287097.5	132210	24	17706.4	0.2713	0.915482
ENST00000370010.6	114396	86	45000	0.13125	1.05
ENST00000369981.7	170346	61	55000	0.13	1.34783
ENST00000369977.7	167281	62	55000	0.125	1.35
ENST00000275034.4	142370	132	55000	0.22	1.18235
ENST00000320393.8	239624	38	52919.5	0.179587	1.13628
ENST00000369705.3	220683	33	28178.7	0.246998	1.03755
ENST00000369577.7	108648	200	69940.1	0.157423	1.28429
ENST00000496806.2	105025	200	69940.1	0.161273	1.28429
ENST00000369475.7	255000	200	37829.7	0.104017	1.01227
ENST00000369303.8	179507	44	50000	0.133333	0.858
ENST00000369261.8	216026	11	28310.1	0.150149	1.13423
ENST00000369251.6	136009	49	22253.5	0.150815	0.662086
ENST00000369244.6	79389	200	35008.4	0.200196	1.26258
ENST00000345080.4	126285	40	25000	0.225	0.905
ENST00000369110.7	125520	20	35000	0.141667	1.08611
ENST00000343245.7	140942	200	64999.7	0.20833	1.07333
ENST00000369037.8	255000	109	62564.1	0.255234	1.02662
ENST00000317357.9	170210	112	29718.1	0.0850601	0.680041
ENST00000368972.7	126057	200	60000.1	0.34091	0.815384
ENST00000436639.6	108383	72	65000	0.229167	0.45625
ENST00000230124.7	134117	200	41540.8	0.126333	0.908709
ENST00000359451.6	80186	200	35000	0.216667	0.622222
ENST00000413605.6	205232	13	39362.2	0.206347	1.07258
ENST00000612036.4	90204	200	44632.3	0.160296	0.61491
ENST00000368851.9	135443	119	50000	0.261111	0.876471
ENST00000368802.7	184181	123	36203.7	0.202002	1.04973
ENST00000358835.7	184664	94	45000	0.30625	1.0537
ENST00000440395.1	91939	154	63527.6	0.31533	0.691077
ENST00000520518.5	170015	34	55000	0.185	1.19348
ENST00000368682.7	212736	83	60000	0.245455	1.27167
ENST00000419517.2	160226	200	80235.2	0.0840107	1.31862
ENST00000521531.5	118270	154	50000	0.205556	0.919231
ENST00000621231.4	118819	147	50000	0.194444	0.919231
ENST00000368468.3	172553	79	26586.5	0.190914	0.872504
ENST00000275159.10	254194	52	31319.8	0.110065	1.12997
ENST00000368416.5	255000	156	50920.6	0.195857	0.817114
ENST00000521654.6	130089	76	40000	0.128571	0.908333
ENST00000368215.7	255000	44	43295.9	0.181782	0.908289
ENST00000368226.8	255000	43	47023.9	0.190653	0.901489
ENST00000368149.2	134094	200	60000	0.245455	1.40714
ENST00000530707.1	106445	23	75000	0.1	0.466667
ENST00000431975.6	147870	179	31053.9	0.120743	0.907045
ENST00000541650.5	147796	75	32831.9	0.1814	0.904458
ENST00000414305.5	118958	62	30000	0.33	0.644118
ENST00000265602.10	212481	35	43210.4	0.137808	0.933717
ENST00000359015.4	235472	30	50000	0.277778	1.14459
ENST00000251691.4	182743	58	50000	0.15	1.11154
ENST00000367663.8	82916	200	45000	0.01875	0.935714
ENST00000258062.9	83392	200	45000	0.025	0.928571
ENST00000367604.6	194888	34	28343.8	0.256813	0.884624
ENST00000275235.8	255000	102	55000	0.115	0.81375
ENST00000433557.1	117484	98	50000	0.233333	0.657692
ENST00000638554.1	109971	58	25000	0.275	0.575
ENST00000566741.1	228322	38	100000	0.342105	0.846
ENST00000367467.7	209458	135	80000	0.3	1.32
ENST00000367463.4	255000	172	76248.5	0.213146	1.30104
ENST00000618312.4	235553	44	34407.1	0.390096	0.898728
ENST00000607772.5	123156	69	70000	0.188462	1.195
ENST00000367178.7	100736	92	60000	0.131818	1.025
ENST00000392185.7	121814	200	60055.2	0.064024	1.2424
ENST00000620026.1	80427	133	63482.4	0.333283	1.30217
ENST00000356956.5	142406	33	50000	0.0444444	1.20556
ENST00000366911.9	144047	26	18907.5	0.29441	0.91381
ENST00000338468.7	255000	30	25000	0.325	0.847826
ENST00000366896.5	255000	25	24207.5	0.306761	0.843216
ENST00000544266.1	86336	200	30783.2	0.15342	0.526485
ENST00000361758.8	159801	62	80000	0.15	1.01
ENST00000275262.11	155503	80	65000	0.0666667	0.936111
ENST00000366882.5	255000	106	51552.8	0.282788	1.0572
ENST00000366806.6	142598	200	65000	0.0791667	1.36667
ENST00000403562.5	177909	7	10000	0.05	0.94697
ENST00000275364.7	116213	200	60000	0.154545	0.986364
ENST00000328914.4	89135	200	42110.6	0.156433	1.01295
ENST00000350796.7	110869	97	78359.9	0.05687	1.48002
ENST00000482067.3	255000	24	67744.2	0.102467	1.13118
ENST00000396675.7	148744	44	25000	0.3875	1.03542
ENST00000265577.11	148952	36	25000	0.325	1.03333
ENST00000403050.7	129784	68	40000	0.142857	0.955882
ENST00000490957.5	89166	200	40000	0.135714	0.888889
ENST00000482558.5	72150	49	50000	0.0333333	0.7875
ENST00000222584.7	86789	73	30000	0.2	0.831818
ENST00000440481.5	72862	200	35002.5	0.0250309	1.2072
ENST00000409761.5	114218	60	50000	0.0166667	0.575
ENST00000430180.5	92048	38	50000	0.0166667	0.425
ENST00000313367.6	183650	200	90403.1	0.0977807	1.38006
ENST00000396319.6	89075	200	42111.7	0.0305434	1.0811
ENST00000396276.7	150867	30	23731.5	0.262951	0.901448
ENST00000265299.6	120971	18	65000	0.291667	0.895455
ENST00000297161.6	250962	33	17095.7	0.176812	0.752933
ENST00000534978.1	146458	128	50000	0.188889	0.963158
ENST00000613626.4	118987	72	50000	0.105556	1.01154
ENST00000395925.7	255000	114	130000	0.432	1.392
ENST00000451651.5	83178	34	65000	0.204167	0.6
ENST00000438444.5	98566	128	72274.8	0.233796	1.29906
ENST00000355451.7	111760	44	35000	0.141667	0.93
ENST00000297323.11	148595	32	18957.4	0.355943	0.890825
ENST00000621543.1	89787	16	10000	0.1	0.776667
ENST00000428648.5	101255	200	54999.9	0.0749999	1.38333
ENST00000406775.6	255000	174	115000	0.104545	1.13393
ENST00000455841.6	148635	37	22500	0.192857	0.980612
ENST00000424337.6	148493	79	27157.4	0.282142	0.992837
ENST00000334955.12	86580	200	42110.6	0.237272	0.797276
ENST00000445288.5	82532	200	39945.2	0.249927	0.780587
ENST00000354212.8	255000	23	60000	0.204545	0.879487
ENST00000411788.5	91000	39	17039.8	0.233884	0.609018
ENST00000265361.7	176814	41	25000	0.4125	0.895
ENST00000356253.9	255000	37	48441.2	0.137814	0.921109
ENST00000333891.13	255000	12	25000	0.15	1.07826
ENST00000423294.5	167792	200	110000	0.176191	1.59999
ENST00000493037.5	202003	61	43063.1	0.181775	1.05349
ENST00000394654.3	201900	137	41378.2	0.183172	1.05494
ENST00000398203.7	246853	55	40000	0.257143	1.05488
ENST00000380050.7	255000	102	80000	0.23	1.00571
ENST00000358100.6	149522	93	55000	0.185	1.21944
ENST00000265742.7	155151	98	60000	0.309091	1.15263
ENST00000424848.2	221455	200	55000.7	0.0550074	0.906062
ENST00000433881.5	255000	144	100000	0.194737	1.16129
ENST00000361368.6	116582	55	70000	0.111538	1.2
ENST00000478915.1	115924	52	21117.9	0.437334	0.542714
ENST00000419735.7	255000	7	10000	6.69339e-58	0.734694
ENST00000476846.5	255000	22	95000	0.0888889	1.31719
ENST00000428084.5	255000	11	95000	0.0916667	1.31719
ENST00000361822.7	136509	200	65412.4	0.0916807	1.58737
ENST00000450657.1	123774	76	65000	0.0875	1.62727
ENST00000485446.1	116946	44	51069.4	0.292578	0.606456
ENST00000297145.8	120770	117	25881.4	0.174636	0.630623
ENST00000441290.6	255000	141	27788.5	0.0854436	0.753936
ENST00000318493.10	123938	200	65000	0.304167	0.977273
ENST00000449022.6	255000	21	30000	0.26	1.01333
ENST00000313070.11	255000	60	22630.9	0.134299	1.00974
ENST00000453342.5	214646	13	69213.4	0.315355	0.481225
ENST00000354725.7	255000	46	75000	0.185714	0.981944
ENST00000471166.1	97661	77	55000	0.26	1.35
ENST00000330992.8	121919	69	33185.4	0.425753	0.633534
ENST00000425248.5	162511	46	32641.7	0.391281	0.857301
ENST00000431189.1	162370	40	70000	0.353846	0.883333
ENST00000458153.5	160066	96	85000	0.10625	1.48
ENST00000491203.5	87473	200	42110.9	0.0592789	0.549093
ENST00000315544.6	123058	91	50000	0.122222	0.857143
ENST00000616381.4	126847	135	45000	0.14375	1.10938
ENST00000456390.5	117801	134	50000	0.188889	1.10385
ENST00000415680.6	125151	200	60000	0.0590909	1.23462
ENST00000497516.5	109804	200	53072.6	0.0323939	1.23139
ENST00000422774.1	143794	39	55000	0.265	1.12647
ENST00000428878.6	205150	24	60000	0.122727	1.00517
ENST00000497784.1	190062	164	85000	0.0875	1.38333
ENST00000288602.10	190286	159	85000	0.0875	1.36905
ENST00000602748.5	102381	37	40000	0.05	0.904167
ENST00000325222.8	102125	48	40000	0.0571429	0.908333
ENST00000430044.6	96655	77	60000	0.136364	1.01429
ENST00000423337.5	77377	78	55000	0.115	0.5
ENST00000397282.2	95162	45	50000	2.73408e-17	0.905556
ENST00000461469.5	128877	200	62244.6	0.0914413	1.07585
ENST00000275418.11	95862	200	44999.9	0.162499	1.34
ENST00000344683.9	241913	75	75000	0.203571	0.689394
ENST00000276282.6	110292	53	65000	0.145833	1.1
ENST00000310430.10	226433	7	105000	0.115	1.375
ENST00000518255.5	255000	55	80000	0.283333	0.998571
ENST00000382020.8	226427	125	95000	0.0888889	1.48269
ENST00000503731.5	224177	147	95000	0.0916667	1.5
ENST00000318063.9	95407	200	45000	0.15625	1.23
ENST00000517317.5	99923	200	45000	0.13125	1.36
ENST00000381869.5	157123	106	60000	0.240909	1.17632
ENST00000325083.12	105129	100	27104.5	0.171407	0.939864
ENST00000519253.5	104776	65	30000	0.25	0.960714
ENST00000327040.12	255000	141	76248.5	0.10262	1.09615
ENST00000410074.5	86499	57	40000	0.328571	0.65
ENST00000276440.11	230852	19	65000	0.283333	1.25
ENST00000520164.5	203668	16	23855.3	0.237455	1.1313
ENST00000522338.5	86161	7	10000	6.82582e-196	0.88
ENST00000523436.5	96103	20	20000	0.1	0.793333
ENST00000416984.6	122582	18	18650.5	0.0985421	0.889544
ENST00000287701.14	162341	76	55000	0.18	1.00952
ENST00000560269.1	79512	200	40000	0.0714286	0.485714
ENST00000523968.1	112766	17	35000	0.0333333	1.03
ENST00000298139.5	139969	58	40000	0.164286	1.01053
ENST00000379917.7	108119	200	55000	0.155	0.855
ENST00000265713.6	122509	116	70000	0.0769231	1.315
ENST00000527306.1	101211	88	40000	0.2	0.866667
ENST00000524006.5	255000	42	47023.9	0.250142	1.0265
ENST00000314191.6	187076	38	28804.8	0.222385	1.00487
ENST00000429861.5	74882	36	57683.8	0.169679	0.512387
ENST00000423902.6	189251	50	75000	0.132143	1.27273
ENST00000401827.7	124443	200	60015.8	0.304602	1.19602
ENST00000262215.7	146029	48	35000	0.266667	1.00227
ENST00000518698.5	255000	33	40000	0.164286	1.06163
ENST00000523686.5	116789	7	35000	0.05	1.04688
ENST00000303824.11	164422	76	40000	0.492857	1.09375
ENST00000388741.6	164009	43	30000	0.35	1.05
ENST00000523207.1	255000	47	29588.1	0.528945	0.984838
ENST00000522962.5	93321	90	25000	0.3375	0.857692
ENST00000494318.5	119221	60	30000	0.48	0.935294
ENST00000519303.6	133894	200	45000.2	0.0375019	0.688236
ENST00000520795.5	118105	143	45000	0.03125	0.642857
ENST00000544227.5	255000	29	53516.9	0.249079	1.12871
ENST00000524190.1	129030	182	84551.2	0.336865	0.585974
ENST00000521649.5	245951	93	90000	0.144118	1.22903
ENST00000355155.5	196522	13	50000	0.0444444	1.11552
ENST00000441350.2	108489	23	50000	0.0444444	1.02273
ENST00000220959.8	158954	39	40000	0.2	1.1413
ENST00000520539.5	159830	35	40000	0.2	1.13696
ENST00000519675.1	84752	41	65000	0.0583333	0.366667
ENST00000424843.6	99794	86	65000	0.0583333	0.925
ENST00000521923.5	255000	9	240000	0.0542553	1.35
ENST00000435082.1	94194	35	35000	0.0416667	0.777273
ENST00000519607.5	91444	88	55000	0.03	1.16429
ENST00000220888.9	255000	51	57806.5	0.248302	1.03522
ENST00000518949.5	106979	46	75000	0.0857143	0.616667
ENST00000276682.8	121423	200	90000	0.105882	0.766666
ENST00000437196.1	255000	28	85000	0.2125	0.945588
ENST00000378204.6	255000	200	85002.5	0.206261	0.939712
ENST00000629661.1	236664	14	96897.7	0.435266	0.224471
ENST00000445741.5	255000	22	30000	0.46	1.15111
ENST00000314393.5	193119	41	35000	0.375	1.06774
ENST00000518146.5	90393	200	45000	0.23125	0.894444
ENST00000504719.6	96443	78	55000	0.12	0.4125
ENST00000523427.1	96378	32	60000	0.136364	0.414286
ENST00000399640.3	117093	63	35000	0.341667	1.06875
ENST00000523399.5	234570	200	55019	0.205188	1.1229
ENST00000523243.5	235258	60	55000	0.19	1.09722
ENST00000355849.9	190154	117	85000	0.046875	1.14762
ENST00000520892.5	121497	200	65000	0.0708333	0.795455
ENST00000524325.5	191161	33	25000	0.325	0.616667
ENST00000262577.5	103799	50	25000	0.325	1.03667
ENST00000382297.6	241390	75	36604.4	0.222845	1.01874
ENST00000357248.8	178435	39	30000	0.22	0.97069
ENST00000382004.7	255000	104	41317.8	0.211259	0.925803
ENST00000449190.5	195688	40	45000	0.25625	0.761667
ENST00000251879.10	140650	197	75000	0.110714	1.45
ENST00000414202.6	147439	200	75000	0.110714	1.46071
ENST00000640592.1	87165	67	30000	0.12	1.2
ENST00000321612.7	113320	15	30000	0.04	1.14688
ENST00000438023.5	255000	6	50000	0.0555556	1.07439
ENST00000381306.7	255000	7	50000	0.0555556	1.07317
ENST00000397579.6	226980	75	41954.1	0.165554	1.19031
ENST00000380701.7	255000	11	77569.1	0.308307	0.960241
ENST00000380647.7	255000	50	95000	0.227778	1.1625
ENST00000380641.4	167012	156	90000	0.229412	1.09
ENST00000434457.6	142164	16	60000	0.122727	1.28125
ENST00000630269.2	255000	200	64226.5	0.219549	1.15974
ENST00000380338.8	255000	65	67186.8	0.234167	1.16173
ENST00000263228.3	102838	42	82644.4	0.25	0.768563
ENST00000378496.8	241951	122	71303	0.187203	1.19201
ENST00000626154.2	104488	52	30000	0.22	1.03929
ENST00000540557.1	255000	137	85000	0.33125	0.863235
ENST00000377707.3	150078	200	75000	0.260714	1.14333
ENST00000361138.6	95927	60	40000	0.0571429	1.14091
ENST00000376896.7	195813	22	34381.3	0.238247	0.916767
ENST00000361255.7	164853	9	29096.9	2.14542e-43	0.99883
ENST00000545128.5	255000	52	55000	0.255	1.2975
ENST00000376752.8	255000	53	55000	0.255	1.3
ENST00000357409.9	207658	19	45000	0.075	1.31094
ENST00000286548.8	255000	52	48441.2	0.193941	1.08117
ENST00000376544.7	155110	200	69994.8	0.173055	1.14996
ENST00000470872.5	152769	200	69999.5	0.180766	1.13125
ENST00000376499.7	105623	52	45000	0.10625	0.925
ENST00000376083.7	195280	68	65000	0.0833333	1.10769
ENST00000337006.8	195490	125	75000	0.160714	1.14167
ENST00000472344.1	140873	200	60000	0.181818	0.9125
ENST00000375859.3	90276	42	60000	0.122727	0.975
ENST00000375751.8	96763	200	19583.9	0.0834341	0.928624
ENST00000375747.5	96623	46	25000	0.225	0.953571
ENST00000277165.10	114386	200	50000	0.133333	1.16667
ENST00000446420.2	80206	200	40014.6	0.0286847	0.762669
ENST00000297979.9	255000	31	39512.4	0.384806	0.864177
ENST00000636777.1	255000	162	60439.8	0.313925	0.899958
ENST00000288985.11	93140	200	44577.9	0.157301	1.18939
ENST00000466840.5	91018	135	40000	0.114286	1.14
ENST00000375206.6	138791	62	35000	0.291667	0.975
ENST00000262455.6	119862	161	65000	0.0875	1.02
ENST00000262457.6	201745	34	45000	0.2125	1.2629
ENST00000466647.5	126911	66	45000	0.20625	1.17187
ENST00000374720.7	152725	181	45939.5	0.124835	1.23139
ENST00000374586.7	104794	62	40000	0.0642857	1.07083
ENST00000374530.7	255000	19	28125.6	0.0501239	0.898475
ENST00000602447.5	75109	96	45000	0.0125	0.541667
ENST00000467434.5	79416	109	30000	0.24	0.966667
ENST00000481558.1	154501	134	80000	0.29	1.3
ENST00000362057.3	102890	79	72926.8	0.260413	0.98108
ENST00000288520.9	255000	37	30000	0.23	1.05
ENST00000473282.6	190810	85	42890.4	0.240203	1.08524
ENST00000373855.5	102597	46	25000	0.45	0.8
ENST00000373624.6	255000	11	54279.2	0.226782	1.09393
ENST00000487099.6	254003	47	42376.6	0.111726	0.885372
ENST00000497580.5	80071	200	40009.1	0.0643729	1.33146
ENST00000427078.5	164119	47	26669.8	0.302267	0.798393
ENST00000361171.7	180193	200	45004.4	0.100033	0.833347
ENST00000371850.7	230417	43	38696.2	0.197107	1.10091
ENST00000481739.1	110440	200	55015.1	0.210208	1.29556
ENST00000380782.6	172314	56	70000	0.1	0.9825
ENST00000608176.5	255000	12	53703.9	0.200762	1.12755
ENST00000379942.4	92299	196	40000	0.342857	1.13
ENST00000438357.1	72451	120	40000	0.257143	0.516667
ENST00000492128.5	73581	45	57296.7	0.304059	0.657211
ENST00000286824.6	126854	31	71933.6	0.124453	0.818219
ENST00000324545.8	150945	144	65000	0.166667	1.22647
ENST00000442742.6	255000	10	75000	0.117857	1.25556
ENST00000378154.1	255000	26	75000	0.121429	1.24167
ENST00000382899.8	239422	90	95000	0.0944444	1.18571
ENST00000475233.1	147016	30	116605	0.160233	1.05185
ENST00000328306.4	153738	64	65000	0.0333333	1.35
ENST00000616978.4	159921	177	70000	0.0769231	1.37647
ENST00000376091.7	169818	68	46665.1	0.263999	0.912668
ENST00000342160.7	152074	39	23731.5	0.372912	0.992051
ENST00000636392.1	116658	84	35000	0.375	1.26562
ENST00000355520.5	255000	65	46979.2	0.140621	0.94989
ENST00000373542.8	135227	200	70000	0.423077	1.19231
ENST00000373545.7	135506	193	60000	0.345455	1.09667
ENST00000498407.5	123492	31	80000	0.253333	0.775
ENST00000498318.1	119764	45	83095.5	0.282318	0.876123
ENST00000339447.8	102998	200	50102	0.0335972	1.0819
ENST00000373275.4	138835	82	55000	0.205	1.68437
ENST00000463546.5	94962	49	35000	0.0583333	1.12727
ENST00000373177.2	181195	19	30000	0.19	0.725
ENST00000467744.2	186125	53	60000	0.168182	0.902
ENST00000373131.5	255000	7	30000	0.01	0.992222
ENST00000373125.8	255000	18	28125.6	0.0214817	0.980733
ENST00000373054.5	255000	78	67593.2	0.362822	1.22749
ENST00000477085.1	171856	99	21546.1	0.252951	0.86434
ENST00000470339.1	129094	126	40000	0.192857	1.00588
ENST00000372073.5	174694	31	30000	0.39	0.982143
ENST00000317135.12	123457	49	55000	0.1	1.30385
ENST00000371882.5	218986	54	95000	0.313889	1.27708
ENST00000254029.7	103853	200	49531.2	0.17842	1.09087
ENST00000276204.10	190266	22	50000	0.294444	1.27857
ENST00000276202.8	190239	44	50000	0.294444	1.275
ENST00000435215.5	83231	41	65000	0.108333	0.283333
ENST00000492263.1	223547	38	28178.7	0.243069	0.957224
ENST00000427391.1	127994	65	40000	0.242857	0.95
ENST00000441399.2	214356	88	37172.8	0.19288	1.08805
ENST00000370828.3	115388	59	85000	0.2125	1.23333
ENST00000370557.5	206725	40	50000	0.366667	1.13548
ENST00000449111.5	255000	3	10000	0.3	0.794898
ENST00000490530.1	77233	17	35000	0.075	1.125
ENST00000491877.1	83710	73	62019.4	0.253542	0.711501
ENST00000437787.6	132478	196	58597.6	0.246075	1.10026
