id	len	rounds	transition	density1	density2
ENST00000378567.7	134926	20	19604.8	0.75	1.01722
ENST00000377860.8	129089	102	16533.7	0.294813	1.0335
ENST00000545482.5	129494	8	10000	0.15	1
ENST00000303635.11	255000	6	10000	0.05	0.937755
ENST00000461311.1	102236	6	10000	0.1	1.13333
ENST00000445300.1	95965	18	35890.9	0.137581	0.803599
ENST00000337907.7	255000	24	19481.8	0.508317	1.25102
ENST00000375592.7	105616	4	10000	0.35	1.18947
ENST00000361221.7	158035	4	10000	0.45	0.95
ENST00000433834.5	145306	3	10000	0.45	0.927778
ENST00000375127.5	117105	3	10000	0.95	1.04286
ENST00000374632.7	203301	6	10000	1.2	0.964474
ENST00000374332.8	168740	5	10000	1.1	1.53871
ENST00000373863.3	111292	4	10000	0.65	1.14
ENST00000463428.5	97503	4	10000	1.05	1.22353
ENST00000493669.2	127413	5	10000	1.05	1.21304
ENST00000526215.5	84339	5	10000	0.3	1.08214
ENST00000441447.1	90197	25	14299.7	0.85	1.15053
ENST00000467673.5	149220	6	10000	0.75	1.30741
ENST00000337495.9	214909	3	10000	1.4	1.30875
ENST00000372572.5	158427	9	10000	0.15	1.10517
ENST00000361776.5	158671	62	18164	0.468246	1.1352
ENST00000372257.6	134139	4	10000	0.9	1.07292
ENST00000452396.5	107275	5	10000	0.9	1.06842
ENST00000361297.6	232512	5	10000	0.2	1.37045
ENST00000423209.5	88955	4	10000	0.55	1.09333
ENST00000372006.5	92655	5	10000	0.5	1.10312
ENST00000371843.7	174174	8	15000	0.4	1.41613
ENST00000489990.5	159799	34	20000	0.466667	1.12037
ENST00000287727.7	204592	32	20000	0.45	1.3
ENST00000357206.6	204142	29	19307.1	0.39568	1.29136
ENST00000257177.8	129708	7	10000	0.1	1.28913
ENST00000628545.1	231865	10	10000	0.25	1.14659
ENST00000417664.6	178873	3	10000	0.75	1.42727
ENST00000294383.6	148755	4	10000	0.4	1.10926
ENST00000634364.1	255000	24	20000	0.616667	1.31809
ENST00000407417.7	255000	7	10000	0.35	1.24898
ENST00000635023.1	255000	4	10000	0.8	1.25306
ENST00000251157.10	233539	45	25000	0.575	1.46951
ENST00000527864.1	72642	6	10000	0.8	1.02917
ENST00000491076.1	77279	5	10000	0.75	1.03462
ENST00000455406.5	156400	4	10000	0.35	1.25
ENST00000630350.2	255000	3	10000	0.45	1.28367
ENST00000357731.9	255000	15	160000	0.1	1.47426e-228
ENST00000328299.3	255000	12	20000	0.333333	1.30106
ENST00000370812.7	130437	3	10000	1.25	1.24167
ENST00000445065.5	130441	3	10000	1.25	1.24167
ENST00000370791.7	98798	3	10000	0.7	1.21176
ENST00000482783.1	81340	3	10000	0.9	1.46071
ENST00000474957.5	134123	3	10000	0.9	1.32708
ENST00000370689.6	160437	5	10000	0.8	1.40333
ENST00000370688.7	127296	5	10000	0.8	1.4
ENST00000284031.12	146656	7	10000	0.2	1.2
ENST00000539042.3	146659	7	10000	0.2	1.2
ENST00000370571.6	255000	5	10000	0.3	1.00408
ENST00000370551.8	183798	31	20000	0.416667	1.44531
ENST00000370550.9	195325	32	20000	0.416667	1.43429
ENST00000370513.9	148947	20	15000	0.65	1.24038
ENST00000337338.9	115580	3	10000	0.9	1.19048
ENST00000394593.7	114081	3	10000	0.95	1.1825
ENST00000467231.5	105625	29	13915	0.95	1.05979
ENST00000532540.5	203286	21	20000	0.266667	1.53333
ENST00000212355.8	205935	21	20000	0.283333	1.52568
ENST00000370310.4	119334	3	10000	0.6	1.31667
ENST00000613902.4	119363	3	10000	0.6	1.30476
ENST00000370243.1	119577	5	10000	0.6	1.3619
ENST00000370244.5	255000	24	19274.3	0.660874	0.910238
ENST00000370214.8	100209	78	25000	0.5125	1.49333
ENST00000426398.2	92972	5	10000	0.65	1.14063
ENST00000529992.5	98798	8	10000	1	1.58235
ENST00000361544.10	146970	32	25000	0.7625	1.47083
ENST00000336454.3	167678	10	19604.9	0.761707	1.41769
ENST00000527011.5	255000	20	25000	0.3	1.33696
ENST00000370056.8	255000	20	24271.6	0.288792	1.31512
ENST00000369709.3	96909	4	10000	0.2	1.36176
ENST00000343210.11	77400	4	10000	1.05	1.19231
ENST00000369617.8	255000	36	19481.8	0.459476	1.42493
ENST00000369611.4	255000	34	19481.8	0.461266	1.43755
ENST00000358465.6	118384	5	10000	0.75	1.25714
ENST00000356554.7	161424	7	10000	0.05	1.31
ENST00000336338.9	231360	5	10000	1.15	0.721591
ENST00000235521.4	109451	5	10000	0.35	0.610526
ENST00000368346.7	227426	5	10000	0.3	1.20116
ENST00000368194.7	110531	5	10000	0.3	1.0675
ENST00000430120.3	255000	5	10000	0.55	1.48673
ENST00000367866.6	206517	36	18690.8	0.380011	1.1046
ENST00000528517.5	137017	5	10000	0.3	1.008
ENST00000367767.5	153263	6	10000	0.4	1.16964
ENST00000251507.8	255000	4	10000	0.45	1.18878
ENST00000457696.1	234556	4	10000	0.45	1.2
ENST00000308769.12	255000	36	25000	0.4875	1.38478
ENST00000367649.7	255000	4	10000	0.4	1.5551
ENST00000367634.6	196695	4	10000	0.4	1.54054
ENST00000324778.5	158138	4	10000	0.45	1.56379
ENST00000367623.8	121680	4	10000	0.35	1.22955
ENST00000367607.7	160143	7	10000	0.6	1.325
ENST00000367589.3	254095	7	10000	0.2	1.32292
ENST00000258341.4	122133	3	10000	0.75	1.49091
ENST00000304685.8	255000	6	10000	0.5	1.15102
ENST00000235307.6	241963	33	19443.5	0.599969	1.49433
ENST00000367435.3	131885	6	10000	0.25	1.12083
ENST00000367433.9	255000	3	10000	0.95	1.27449
ENST00000294725.13	255000	5	10000	0.65	1.29082
ENST00000235453.8	222938	3	10000	0.25	1.3869
ENST00000358823.6	121147	5	10000	1	1.31818
ENST00000367218.7	117293	5	10000	0.55	1.01667
ENST00000543354.5	222232	17	19382.7	0.341416	1.25034
ENST00000366959.4	223519	20	19382.7	0.356652	1.24925
ENST00000366956.9	202528	6	10000	0.25	1.37237
ENST00000475275.5	204181	3	10000	2	1.48816
ENST00000366933.4	240373	5	10000	1.3	1.31087
ENST00000402574.5	136274	34	20000	0.366667	1.41739
ENST00000366917.5	133902	40	20000	0.383333	1.42955
ENST00000281701.10	103054	4	10000	0.8	1.02222
ENST00000272133.3	124257	46	10000	0.9	0.911364
ENST00000635051.1	155815	4	10000	0.55	1.35862
ENST00000366844.7	166308	4	10000	0.45	1.3629
ENST00000366764.6	255000	7	10000	0.15	1.26939
ENST00000366769.7	255000	7	10000	0.15	1.26735
ENST00000440339.1	91189	56	25000	0.6125	1.04615
ENST00000391860.6	111890	3	10000	0.85	1.0175
ENST00000258229.13	255000	5	10000	0.75	1.09184
ENST00000366603.6	160593	4	10000	0.45	1.28667
ENST00000349213.7	161325	4	10000	0.3	1.28167
ENST00000535889.5	108701	4	10000	0.85	1.14737
ENST00000319653.13	255000	5	10000	0.65	1.54898
ENST00000366541.7	244037	16	10000	0.95	1.32935
ENST00000366539.5	255000	4	10000	0.6	1.32041
ENST00000407071.6	255000	3	10000	0.55	1.17245
ENST00000462422.5	255000	3	10000	0.45	1.49286
ENST00000483271.1	81792	5	10000	0.65	1.12857
ENST00000402736.5	119126	64	20000	0.766667	1.2
ENST00000612396.4	124792	5	10000	0.35	1.05227
ENST00000263125.9	153159	4	10000	1.25	1.24286
ENST00000344293.5	198124	8	10000	0.65	1.25135
ENST00000632065.1	255000	50	18504.3	0.439082	1.31745
ENST00000357604.9	122813	4	10000	0.55	1.14545
ENST00000377921.7	226773	5	10000	0.8	1.1907
ENST00000345264.9	226918	4	10000	0.75	1.18372
ENST00000324631.11	255000	4	10000	2	1.20816
ENST00000377242.7	255000	3	10000	1.1	1.36122
ENST00000417816.2	255000	4	10000	1.35	1.44082
ENST00000447548.5	83497	52	20000	0.366667	1.49583
ENST00000476103.3	83697	46	20000	0.35	1.5375
ENST00000376454.7	255000	4	10000	0.5	1.04898
ENST00000635504.1	171839	4	10000	0.5	1.0375
ENST00000376378.5	102878	6	10000	0.75	0.975
ENST00000320152.10	103998	6	10000	0.8	0.972222
ENST00000376302.5	89208	4	10000	0.4	1.44333
ENST00000305242.9	186881	4	10000	1.1	1.09857
ENST00000375311.1	187145	16	19017.1	0.541438	0.933293
ENST00000560196.5	183665	21	20000	0.283333	1.35
ENST00000542815.7	208073	27	20000	0.333333	1.36622
ENST00000344936.6	122502	43	20000	0.4	1.565
ENST00000277657.12	128425	4	10000	1.05	1.04348
ENST00000374823.9	133365	5	10000	0.75	1.18125
ENST00000346874.8	255000	22	19481.8	0.372001	1.25834
ENST00000340077.9	255000	21	19481.8	0.372001	1.2594
ENST00000492478.5	216132	29	25000	0.375	1.36974
ENST00000426557.5	103119	37	20000	0.5	0.9875
ENST00000361781.6	255000	4	10000	0.8	1.43673
ENST00000608287.1	164491	5	10000	0.75	1.49833
ENST00000483649.1	76544	24	15000	0.55	1.33333
ENST00000263102.6	117894	5	10000	0.25	1.24524
ENST00000373758.4	103761	4	10000	0.6	1.25
ENST00000373053.7	195564	12	10000	0.2	1.27703
ENST00000536019.5	195074	6	10000	0.15	1.30541
ENST00000339859.8	128113	3	10000	0.45	1.18261
ENST00000372391.6	135736	38	18852.7	0.547342	1.16807
ENST00000224756.12	189855	5	10000	0.3	1.27857
ENST00000638429.1	176225	5	10000	0.15	1.30303
ENST00000372037.7	176189	4	10000	0.15	1.30152
ENST00000371953.7	108818	4	10000	0.95	1.09474
ENST00000446394.5	104542	8	10000	0.35	1.07222
ENST00000265990.10	106557	7	10000	0.25	1.15
ENST00000265997.4	241457	4	10000	0.4	1.22826
ENST00000478361.6	99596	4	10000	0.85	1.32353
ENST00000265986.10	122393	5	10000	0.85	1.36818
ENST00000443748.6	211026	9	10000	0.75	1.08125
ENST00000260762.10	210971	41	20000	0.783333	1.08947
ENST00000225235.4	133427	47	18792.3	0.406217	1.57271
ENST00000607232.5	246619	23	24330	0.318935	1.26132
ENST00000371103.8	132160	7	10000	0.5	1.08333
ENST00000356016.7	125937	6	10000	0.5	1.06522
ENST00000370183.2	171550	4	10000	0.8	1.4
ENST00000369857.8	104356	5	10000	1.2	1.11389
ENST00000475954.5	109128	38	20000	0.466667	1.57647
ENST00000369519.3	195073	5	10000	0.05	1.40811
ENST00000480057.1	80047	7	10000	0.4	1.06071
ENST00000609571.5	78012	8	10000	0.85	1.65385
ENST00000355044.7	255000	7	10000	0.8	1.44286
ENST00000369234.4	208633	4	10000	1	1.23333
ENST00000355422.10	209704	5	10000	1.35	1.16667
ENST00000489491.1	84296	7	10000	0.2	1.28929
ENST00000334464.6	98194	9	10000	0.15	1.30882
ENST00000454857.5	159966	3	10000	1.3	1.17931
ENST00000369058.7	114537	56	20000	0.716667	1.65833
ENST00000423243.5	184744	5	10000	0.7	1.08971
ENST00000492237.5	97468	3	10000	2	0.941176
ENST00000337195.9	176197	4	10000	0.5	1.14848
ENST00000476817.1	122174	4	10000	0.45	1.16136
ENST00000368693.5	113052	74	39035.9	0.492128	0.704581
ENST00000623213.1	255000	6	10000	0.45	1.05
ENST00000368594.7	245661	61	30000	0.42	1.02442
ENST00000423490.5	172318	38	22962.2	0.315965	1.12607
ENST00000597346.1	91667	3	10000	0.8	1.04688
ENST00000355260.7	121660	26	15000	0.85	1.14286
ENST00000324932.11	122783	20	14504.9	0.8	1.14362
ENST00000299492.8	139987	5	10000	1.15	1.006
ENST00000315204.5	202086	4	10000	0.55	1.18684
ENST00000534127.5	217601	4	10000	2	1.19268
ENST00000399455.2	117258	52	25000	0.3875	1.17222
ENST00000527636.5	255000	6	10000	0.85	1.31429
ENST00000527376.1	89821	6	10000	0.85	1.06333
ENST00000527998.5	80802	57	25000	0.4	1.23182
ENST00000482049.5	80674	60	25000	0.4	1.22727
ENST00000534317.1	132404	5	10000	0.95	1.37083
ENST00000355661.7	226929	6	10000	1.1	1.20581
ENST00000531066.5	236149	4	10000	1.05	1.18222
ENST00000531428.1	130191	5	10000	0.2	1.18958
ENST00000396085.5	255000	9	10000	1.35	1.22449
ENST00000406787.7	225260	3	10000	0.45	1.42093
ENST00000448418.6	201789	3	10000	2	1.38684
ENST00000452803.1	107151	57	20000	0.55	0.961765
ENST00000640790.1	255000	4	10000	0.5	1.45816
ENST00000299413.6	155203	5	10000	0.4	1.18103
ENST00000532490.1	255000	4	10000	0.1	1.1102
ENST00000638034.1	158729	4	10000	0.85	0.989655
ENST00000323180.10	188613	4	10000	0.4	1.37857
ENST00000527667.5	218430	4	10000	1.1	1.1
ENST00000398645.6	138397	4	10000	0.45	1.178
ENST00000529006.6	138401	4	10000	0.45	1.184
ENST00000393800.6	154604	17	14617.6	0.75	1.02515
ENST00000265636.9	154440	21	15000	0.75	1.01852
ENST00000253925.11	113701	4	10000	0.35	1.08
ENST00000311172.11	255000	3	10000	0.6	1.36837
ENST00000409418.8	255000	4	10000	0.55	1.34082
ENST00000632101.1	185846	8	10000	0.35	1.30143
ENST00000064778.8	197703	7	10000	0.35	1.30405
ENST00000340360.10	108958	4	10000	1.3	1.17895
ENST00000356136.7	255000	6	10000	0.4	1.37347
ENST00000278544.9	161976	5	10000	0.85	1.27667
ENST00000533568.5	114655	3	10000	0.5	1.455
ENST00000526968.1	82193	5	10000	0.45	1.425
ENST00000529880.1	108636	4	10000	0.75	1.39474
ENST00000356360.9	109794	47	25000	0.35	1.42813
ENST00000532317.5	111376	43	25000	0.3375	1.42059
ENST00000305494.5	255000	8	15000	0.15	1.45521
ENST00000537874.1	194165	3	1.24627e+18	0	0
ENST00000524892.6	255000	5	10000	0.4	1.42449
ENST00000398093.7	255000	3	10000	1.35	1.24898
ENST00000347596.2	255000	4	10000	1.7	1.15816
ENST00000282249.6	255000	3	10000	2	1.24694
ENST00000282251.9	131500	5	10000	0.15	1.10625
ENST00000531427.5	97593	5	10000	0.25	1.13824
ENST00000526794.1	255000	3	10000	0.15	1.23469
ENST00000304987.3	128463	4	10000	1.2	1.26957
ENST00000545380.5	255000	4	10000	0.2	1.2102
ENST00000415541.5	252679	45	20000	0.483333	1.21413
ENST00000264033.5	101874	6	10000	0.3	1.33333
ENST00000260197.11	181491	3	10000	0.6	1.29853
ENST00000532451.1	94645	4	10000	0.6	1.32188
ENST00000344762.5	87369	32	15000	0.95	1.38571
ENST00000525234.1	212581	4	10000	0.1	1.40125
ENST00000535572.5	158708	6	10000	0.15	1.22759
ENST00000447667.2	74446	4	10000	0.2	1.14583
ENST00000396373.8	245549	3	10000	0.05	1.30638
ENST00000544715.1	102865	3	10000	0.1	1.34444
ENST00000543091.1	145677	10	10000	2.14278e-122	1.23333
ENST00000540811.5	255000	3	10000	0.6	1.58878
ENST00000539780.5	131235	6	10000	0.9	1.09792
ENST00000381352.7	120864	22	15000	0.55	1.4
ENST00000615708.4	120009	7	10000	0.5	1.36136
ENST00000242737.5	111495	21	15000	0.3	1.18158
ENST00000381340.7	255000	9	15000	0.2	1.30938
ENST00000543534.5	115505	48	25000	0.4125	1.025
ENST00000551451.5	147976	3	10000	0.7	1.12222
ENST00000536562.5	203050	44	18652	0.455568	1.22158
ENST00000545147.5	130780	55	18792.3	0.465587	1.34504
ENST00000340811.8	106096	5	10000	1.25	1.23684
ENST00000636569.1	149715	4	10000	0.6	1.49074
ENST00000280871.8	255000	6	10000	0.8	1.32041
ENST00000298910.11	144208	4	10000	1.3	0.834615
ENST00000337898.10	119302	40	18566.7	0.442015	1.09665
ENST00000552108.6	120870	5	10000	0.6	1.52727
ENST00000546868.5	255000	3	10000	0.65	1.19286
ENST00000320560.12	216232	5	10000	0.2	1.26951
ENST00000588078.5	91366	4	10000	0.35	1.04062
ENST00000448732.1	120451	29	15000	1.05	1.38095
ENST00000347140.7	177242	26	15000	1.05	1.23281
ENST00000353364.7	156052	29	20000	0.366667	1.28333
ENST00000552115.5	86517	3	10000	0.5	1.36667
ENST00000228705.6	255000	4	10000	0.8	1.39592
ENST00000355086.7	255000	6	10000	0.5	1.38673
ENST00000535239.5	184272	3	10000	0.7	1.26029
ENST00000403681.6	142165	3	10000	1.1	1.66923
ENST00000393577.7	127414	4	10000	1.4	1.67174
ENST00000535721.1	177287	4	10000	0.15	1.48182
ENST00000550169.5	98628	74	18098.8	0.427427	1.16905
ENST00000362025.9	76324	4	10000	1.2	1.52692
ENST00000548159.5	110200	4	10000	0.6	1.1325
ENST00000551043.5	110163	4	10000	0.6	1.12
ENST00000266674.9	146541	6	10000	1.45	1.23519
ENST00000536515.5	144810	10	10000	1.5	1.26154
ENST00000261180.8	255000	8	14787.6	0.35	0.752769
ENST00000436898.5	86032	7	10000	0.5	1.04
ENST00000547544.5	108604	6	10000	0.35	1.31053
ENST00000261183.7	208010	7	10000	0.35	1.33846
ENST00000426126.6	90109	62	20000	0.533333	1.20714
ENST00000393240.7	255000	3	10000	0.8	1.41327
ENST00000457153.6	255000	4	10000	0.85	1.39694
ENST00000328827.8	106224	6	10000	7.95511e-96	1.32105
ENST00000550510.5	113604	6	10000	0.1	1.1325
ENST00000437004.6	161055	7	10000	0.05	1.165
ENST00000321196.7	255000	4	10000	2	1.56531
ENST00000546590.2	255000	5	10000	1.9	1.50612
ENST00000309041.11	92294	3	10000	1	1.30312
ENST00000552810.5	93197	3	10000	0.9	1.3125
ENST00000428670.7	120760	61	25000	0.675	1.59474
ENST00000547232.5	149686	70	18004.3	0.47327	1.38269
ENST00000339839.9	151667	49	19002.9	0.510837	1.36527
ENST00000451107.3	136085	5	10000	0.45	1.394
ENST00000542666.5	119531	30	20000	0.316667	1.42368
ENST00000543119.6	120057	72	25000	0.475	1.41579
ENST00000392911.6	76183	4	10000	0.85	1.12692
ENST00000392837.8	114722	5	10000	0.45	1.25
ENST00000470628.2	96760	5	10000	0.4	1.15
ENST00000389153.8	146609	3	10000	0.85	1.24444
ENST00000608853.5	147137	3	10000	0.75	1.24444
ENST00000551197.1	166966	62	23887.3	0.388178	1.37244
ENST00000281928.7	255000	17	20000	0.183333	1.35213
ENST00000455858.2	120184	4	10000	0.6	1.20682
ENST00000425217.5	255000	7	10000	1.85	1.15612
ENST00000542532.5	117430	5	10000	0.65	1.47857
ENST00000261833.11	191498	4	10000	0.9	1.07361
ENST00000536996.5	135057	5	10000	0.55	1.26
ENST00000353487.6	141862	4	10000	0.55	1.24808
ENST00000358808.6	151136	4	10000	0.7	1.10179
ENST00000537178.5	150590	4	10000	0.7	1.09821
ENST00000333479.11	99149	3	10000	0.95	1.31176
ENST00000458234.5	220872	60	17690.7	0.427214	1.0038
ENST00000610343.4	133160	4	10000	0.4	1.33333
ENST00000382871.3	127964	4	10000	0.4	1.33043
ENST00000476895.5	93685	64	20000	0.4	1.02857
ENST00000382374.8	111515	3	10000	0.3	1.0625
ENST00000316334.4	74494	5	10000	0.55	1.45833
ENST00000399613.1	156303	5	10000	0.3	1.25862
ENST00000380617.7	98547	3	10000	0.2	1.42647
ENST00000380615.7	104855	3	10000	0.2	1.45
ENST00000504114.5	105900	4	10000	0.8	1.10789
ENST00000482955.5	71895	45	20000	0.366667	1.33
ENST00000434425.5	148490	3	10000	0.3	1.15741
ENST00000280481.8	200003	4	10000	1.75	1.14211
ENST00000379589.3	255000	6	10000	1.1	1.38776
ENST00000379561.5	110931	40	20000	0.416667	1.37778
ENST00000405737.2	79458	7	10000	0.35	1.36923
ENST00000379310.7	255000	5	10000	0.45	1.32449
ENST00000281496.6	241784	5	10000	0.45	1.31413
ENST00000379274.6	189720	4	10000	1.05	1.44429
ENST00000261488.10	255000	5	10000	1.4	1.40816
ENST00000458659.2	143047	4	10000	1	1.25962
ENST00000340473.7	164395	37	25000	0.5	1.22407
ENST00000242848.8	98282	5	10000	0.4	1.12941
ENST00000311191.10	199873	36	19285.2	0.459983	1.46646
ENST00000389797.7	189474	36	20000	0.5	1.46061
ENST00000267163.4	178212	50	20000	0.616667	1.25161
ENST00000378383.5	170779	5	10000	0.15	1.15313
ENST00000541916.5	233170	5	10000	0.2	1.16818
ENST00000261667.7	93615	86	25000	0.5625	1.48462
ENST00000398119.6	91643	3	10000	0.95	1.23125
ENST00000298125.6	183200	7	10000	0.15	1.37647
ENST00000242839.8	78822	4	10000	0.7	1.53846
ENST00000267215.8	255000	46	18504.3	0.487183	1.15508
ENST00000400324.8	255000	37	18984	0.485185	1.16185
ENST00000196169.7	177422	55	23971.8	0.633368	1.2778
ENST00000484389.6	131899	23	18792.3	0.445622	1.15643
ENST00000377865.6	255000	4	10000	0.6	1.42755
ENST00000611519.4	255000	5	10000	0.4	1.43061
ENST00000615625.1	233756	5	10000	0.75	1.27614
ENST00000376887.8	255000	3	10000	0.15	1.1449
ENST00000629385.1	205503	4	10000	0.1	1.1359
ENST00000376795.6	114686	48	22993.4	0.199817	1.21433
ENST00000376747.7	251804	7	10000	8.89773e-69	1.11875
ENST00000345429.10	171766	4	10000	0.8	1.43594
ENST00000595437.5	255000	3	10000	0.35	1.26531
ENST00000376581.9	101825	4	10000	0.5	1.13611
ENST00000539966.5	131679	42	25000	0.35	1.1881
ENST00000397517.6	126953	37	25000	0.3375	1.2075
ENST00000427887.2	226423	4	10000	0.85	1.45116
ENST00000355700.9	184542	4	10000	0.6	1.20882
ENST00000376279.7	255000	24	15000	0.45	1.36875
ENST00000376285.5	255000	8	10000	0.4	1.35408
ENST00000543140.5	116389	3	10000	0.5	1.39048
ENST00000375820.8	158187	3	10000	0.5	1.39828
ENST00000360467.5	205761	4	10000	0.4	1.09615
ENST00000375736.8	151994	8	10000	0.5	1.10714
ENST00000375630.6	196840	55	23282.9	0.412018	1.16597
ENST00000539517.6	151866	3	10000	1.15	1.34464
ENST00000616995.4	255000	24	19481.8	0.333896	1.47617
ENST00000555358.5	130975	5	10000	0.8	1.22917
ENST00000355683.9	132603	6	10000	0.8	1.22917
ENST00000553700.5	107687	3	10000	0.65	1.19737
ENST00000551314.1	226199	3	10000	1.05	1.12093
ENST00000346562.6	255000	4	10000	1.65	1.1051
ENST00000356141.8	255000	3	10000	1.7	1.11735
ENST00000382422.6	122201	3	10000	0.45	1.20909
ENST00000557611.1	255000	6	10000	0.7	0.940816
ENST00000396294.6	255000	4	10000	0.45	1.29184
ENST00000348007.7	83281	6	10000	0.05	1.69286
ENST00000361577.7	112224	5	10000	0.6	1.3
ENST00000361462.6	112193	4	10000	0.65	1.2975
ENST00000399232.6	255000	34	20000	0.816667	1.45319
ENST00000245441.9	111359	3	10000	0.25	1.33
ENST00000360392.4	99013	4	10000	1.9	1.75
ENST00000554399.1	113264	5	10000	0.4	1.0325
ENST00000554335.5	222031	4	10000	1.4	1.34881
ENST00000420358.2	85947	3	10000	1	1.24333
ENST00000395308.5	100395	6	10000	0.4	1.35278
ENST00000559044.5	172531	36	25000	0.4375	1.49828
ENST00000561019.1	171185	44	23931.2	0.461387	1.46346
ENST00000261244.9	120056	4	10000	0.85	1.1
ENST00000556596.1	77516	8	10000	0.25	1.42308
ENST00000556135.1	102810	9	10000	0.25	1.46389
ENST00000332981.9	229260	44	18565.5	0.42031	1.09501
ENST00000555899.1	167538	3	10000	0.3	1.30161
ENST00000337537.7	172018	3	10000	0.3	1.29531
ENST00000341472.9	107886	4	10000	0.05	1.39474
ENST00000556626.5	133601	4	10000	0.5	1.11042
ENST00000459628.5	255000	25	24361.9	0.246434	1.35051
ENST00000553936.5	255000	27	25000	0.2875	1.34891
ENST00000556433.5	85071	4	10000	0.75	1.43
ENST00000193403.10	105298	5	10000	0.75	1.36579
ENST00000554215.5	100745	5	10000	0.55	1.175
ENST00000342745.4	103547	9	10000	0.2	1.23889
ENST00000439984.7	202380	3	10000	0.35	1.32368
ENST00000553453.5	208922	5	10000	0.35	1.33333
ENST00000555652.5	255000	4	10000	0.35	1.26633
ENST00000556509.5	255000	3	10000	0.1	1.21224
ENST00000557031.5	102212	4	10000	0.15	1.28611
ENST00000356296.8	183304	4	10000	0.15	1.325
ENST00000216484.6	110777	9	10000	0.2	1.275
ENST00000557594.5	255000	3	10000	0.2	1.47755
ENST00000428277.6	255000	3	10000	0.3	1.4449
ENST00000216517.10	111523	5	10000	0.4	1.245
ENST00000380664.9	176686	3	10000	1.45	1.33788
ENST00000556609.5	157641	3	10000	1.35	1.18448
ENST00000536315.6	188631	30	20000	0.316667	1.24545
ENST00000554999.5	157086	7	10000	0.1	1.08276
ENST00000354313.7	179005	113	17005.7	0.404471	1.11171
ENST00000256339.8	255000	3	10000	1	0.533673
ENST00000304338.7	105424	5	10000	0.35	1.34211
ENST00000556714.5	107545	5	10000	0.65	1.15263
ENST00000555775.5	153438	3	10000	0.85	0.930357
ENST00000554175.5	78972	3	10000	0.9	0.992308
ENST00000359520.11	139519	3	10000	1.05	0.964
ENST00000262241.6	137916	5	10000	0.65	1.258
ENST00000361246.6	125084	59	25000	0.65	1.3275
ENST00000622697.4	229528	6	10000	0.55	1.16512
ENST00000558402.5	232342	30	19414.6	0.466413	1.24428
ENST00000559709.5	167735	35	20000	0.483333	1.27414
ENST00000558371.5	255000	16	15000	0.3	1.13958
ENST00000637519.1	138549	43	25000	0.3625	1.49318
ENST00000501169.2	255000	3	10000	0.95	0.853061
ENST00000559210.1	255000	3	10000	1	0.840816
ENST00000566621.5	230613	8	10000	0.4	1.26136
ENST00000437989.6	230401	4	10000	0.45	1.2625
ENST00000299084.8	104924	5	10000	0.45	1.11944
ENST00000299092.3	121194	73	20000	0.716667	1.6225
ENST00000558357.5	136667	4	10000	0.55	1.004
ENST00000458630.5	255000	8	15000	0.35	1.49271
ENST00000417257.5	255000	38	19481.8	0.595792	1.48872
ENST00000560955.5	126479	6	10000	0.2	1.32609
ENST00000560508.1	97100	4	10000	0.65	1.1
ENST00000449909.7	173824	4	10000	0.5	1.35625
ENST00000553916.5	215538	9	10000	0.15	1.30488
ENST00000358212.10	221763	16	15000	0.25	1.33415
ENST00000561152.1	246912	5	10000	0.75	1.19787
ENST00000430119.6	111849	3	10000	0.15	1.485
ENST00000537372.5	112500	5	10000	0.15	1.485
ENST00000402627.5	152723	30	20000	0.266667	1.37308
ENST00000260408.7	161172	31	20000	0.266667	1.36429
ENST00000557998.5	108294	3	10000	0.9	1.02105
ENST00000558571.1	145045	5	10000	0.3	1.29815
ENST00000551975.5	255000	5	10000	0.1	1.44388
ENST00000561400.1	137819	65	25000	0.5375	1.29773
ENST00000431932.6	130348	6	10000	0.65	1.18958
ENST00000564674.5	100836	6	10000	0.6	1.18889
ENST00000307102.9	105496	5	10000	0.1	1.32368
ENST00000327367.8	129351	4	10000	0.75	1.28696
ENST00000535744.5	117323	4	10000	0.6	1.16667
ENST00000562190.1	88022	4	10000	0.45	1.16667
ENST00000545237.1	133489	5	10000	0.45	1.20417
ENST00000261858.6	111566	5	10000	0.15	1.2425
ENST00000539319.5	106454	30	15000	0.9	1.34722
ENST00000322954.10	109040	4	10000	0.95	1.30263
ENST00000444904.5	255000	5	10000	0.75	1.23571
ENST00000570085.5	87058	6	10000	0.4	1.07
ENST00000339362.9	253496	7	10000	0.65	1.31146
ENST00000558964.5	250109	8	10000	1	1.31979
ENST00000560595.5	94814	5	10000	0.6	1.10625
ENST00000560044.5	80095	5	10000	0.6	1.08571
ENST00000565970.5	199354	7	10000	0.9	1.20946
ENST00000564590.5	202479	8	10000	0.9	1.23553
ENST00000569159.1	167596	32	20000	0.45	1.42586
ENST00000560626.6	255000	27	20000	0.45	1.41064
ENST00000558494.5	78647	58	20000	0.466667	1.2
ENST00000618205.4	78233	9	10000	0.25	1.10769
ENST00000622346.4	193528	5	10000	0.6	1.025
ENST00000299633.6	80266	6	10000	0.55	1.29286
ENST00000324537.5	171209	11	10000	3.73859e-168	1.13281
ENST00000560256.1	140753	61	25000	0.5375	1.32391
ENST00000268035.10	255000	5	10000	0.65	1.44592
ENST00000558762.5	255000	3	10000	0.65	1.44694
ENST00000301981.7	139368	5	10000	0.6	1.256
ENST00000558861.1	82237	4	10000	0.7	1.25714
ENST00000560493.5	80345	5	10000	0.3	1.34286
ENST00000338042.10	150495	6	10000	0.45	1.32143
ENST00000268070.8	255000	3	10000	0.75	0.976531
ENST00000559417.1	105114	3	10000	1	0.973684
ENST00000262305.8	97393	3	10000	0.85	1.19412
ENST00000426508.6	101684	3	10000	0.6	1.09167
ENST00000382070.7	152582	68	23731.5	0.466337	1.12866
ENST00000262367.9	155673	50	25000	0.475	1.14231
ENST00000294016.7	153535	4	10000	0.7	1.41964
ENST00000268251.12	110011	3	10000	1.4	1.1575
ENST00000563961.5	70651	98	25000	0.35	1.36667
ENST00000564111.5	76540	6	10000	0.75	0.984615
ENST00000574998.5	138978	4	10000	0.6	1.182
ENST00000575537.5	78193	5	10000	0.6	1.15385
ENST00000399408.6	193498	5	10000	0.1	1.20417
ENST00000395799.7	96515	6	10000	0.7	1.10588
ENST00000261588.8	230218	4	10000	1.15	1.04205
ENST00000304658.9	113875	3	10000	0.65	1.1825
ENST00000566037.6	86425	5	10000	0.9	1.38333
ENST00000320640.10	255000	4	10000	0.6	1.25918
ENST00000416006.7	103262	5	10000	0.6	1.05278
ENST00000436909.7	78914	56	20000	0.483333	1.43636
ENST00000640179.1	140057	19	15000	0.25	1.376
ENST00000569863.5	93650	4	10000	0.25	1.06563
ENST00000317147.9	109936	4	10000	0.85	1.17105
ENST00000566899.5	129326	4	10000	0.75	1.31522
ENST00000568886.5	113544	200	15914.2	0.483505	0.807486
ENST00000624829.3	255000	5	10000	0.6	1.31939
ENST00000563328.4	126455	4	10000	2	1.39565
ENST00000566250.5	105661	35	20000	0.5	1.38235
ENST00000564320.1	107533	47	20000	0.6	1.37941
ENST00000563358.5	178918	28	19182.1	0.556094	1.22491
ENST00000284262.2	95252	5	10000	1.3	1.23529
ENST00000574752.5	91651	3	10000	0.5	1.03438
ENST00000263092.10	95811	3	10000	0.5	1.05294
ENST00000396981.6	97224	5	10000	0.25	1.32647
ENST00000341923.10	100737	3	10000	0.85	1.13889
ENST00000269243.8	156550	3	10000	0.35	1.28448
ENST00000173229.6	222459	3	10000	1.1	1.22381
ENST00000538465.7	120646	48	20000	0.533333	1.095
ENST00000284110.1	106239	4	10000	0.85	1.26053
ENST00000602743.1	255000	6	10000	1.1	0.943878
ENST00000261643.7	139149	4	10000	0.4	1.02
ENST00000580561.1	137982	3	10000	0.45	1.024
ENST00000577514.5	84309	5	10000	0.2	1.08571
ENST00000341712.8	142712	4	10000	0.2	1.09423
ENST00000472876.5	227561	4	10000	1.7	1.16628
ENST00000536202.1	153410	6	10000	0.85	1.22679
ENST00000394848.5	255000	10	10000	0.2	1.27449
ENST00000579081.5	255000	57	18504.3	0.640823	1.09662
ENST00000590041.5	101982	5	10000	0.1	1.06944
ENST00000446361.7	133661	3	10000	0.2	1.26042
ENST00000505279.5	155108	36	20000	0.466667	1.34074
ENST00000262013.11	158692	38	19044.7	0.437192	1.33581
ENST00000416426.6	255000	5	10000	0.7	1.11633
ENST00000577840.5	91986	31	13711	0.9	0.978648
ENST00000577830.5	94081	5	10000	0.85	0.978125
ENST00000589761.1	90479	5	10000	0.85	1.14063
ENST00000590133.5	182992	4	10000	0.75	1.27059
ENST00000397786.6	122678	4	10000	0.7	1.15455
ENST00000258991.7	116001	31	20000	0.416667	1.24474
ENST00000582081.5	119603	7	10000	0.25	1.27381
ENST00000578386.5	116861	8	10000	0.25	1.26905
ENST00000544778.6	120368	32	20000	0.466667	1.2025
ENST00000306378.10	157489	26	20000	0.483333	1.17407
ENST00000392650.7	255000	5	10000	0.45	1.28776
ENST00000636222.1	146798	5	10000	0.2	1.24444
ENST00000310924.6	103506	5	10000	0.65	0.963889
ENST00000544334.6	255000	4	10000	0.55	1.02959
ENST00000320876.10	149280	4	10000	0.45	1.21111
ENST00000584387.1	121065	3	10000	0.3	1.43409
ENST00000306329.15	123286	5	10000	0.5	1.32273
ENST00000578921.5	154387	4	10000	0.35	1.09643
ENST00000587905.5	255000	6	10000	2	1.0102
ENST00000635540.1	161069	42	25000	0.3875	1.39259
ENST00000399799.2	164946	40	25000	0.375	1.3963
ENST00000424526.5	255000	5	10000	0.5	1.26327
ENST00000269218.10	255000	4	10000	0.5	1.26735
ENST00000256925.11	124705	3	10000	0.85	1.29773
ENST00000577531.5	81224	5	10000	0.75	1.18214
ENST00000399516.7	255000	4	10000	0.85	1.14184
ENST00000418698.3	164801	32	20000	0.35	1.325
ENST00000269141.7	226481	4	10000	0.6	1.46279
ENST00000580104.5	113199	4	10000	0.7	1.185
ENST00000269209.6	202933	32	20000	0.416667	1.5375
ENST00000399218.8	206963	31	20000	0.416667	1.52838
ENST00000383096.7	255000	41	25515.1	0.268096	0.820315
ENST00000269197.10	172616	5	10000	0.55	1.6625
ENST00000590412.5	255000	3	10000	1.05	1.25408
ENST00000591924.5	82065	8	10000	0.2	1.14643
ENST00000359247.8	255000	3	10000	0.85	1.31939
ENST00000592611.5	255000	6	10000	0.85	1.1949
ENST00000587139.5	255000	4	10000	0.75	1.20306
ENST00000591629.1	255000	5	10000	0.45	1.19082
ENST00000426838.8	197242	24	18610.9	0.366323	1.26858
ENST00000282041.9	119666	4	10000	0.6	0.983333
ENST00000619301.4	92950	57	20000	0.516667	1.23571
ENST00000592005.5	180991	56	30000	0.64	1.505
ENST00000262160.10	121603	4	10000	0.35	1.19091
ENST00000356825.8	98051	5	10000	0.3	1.2
ENST00000590800.5	255000	4	10000	0.85	1.05714
ENST00000256413.7	255000	5	10000	0.6	1.25612
ENST00000587752.5	171708	5	10000	0.45	1.2375
ENST00000269445.10	255000	6	10000	0.1	1.40306
ENST00000588540.1	145498	3	10000	1.15	1.09074
ENST00000566286.5	255000	5	10000	0.8	1.32347
ENST00000591230.5	120566	7	10000	0.85	0.968182
ENST00000256858.10	119855	35	20000	0.4	1.22895
ENST00000587725.5	88281	43	20000	0.383333	1.23846
ENST00000262719.9	255000	7	10000	0.3	1.28673
ENST00000640769.1	202915	3	10000	0.8	1.21974
ENST00000582337.5	206758	4	10000	0.45	0.933333
ENST00000320610.13	147312	4	10000	0.65	1.22963
ENST00000253159.12	146568	4	10000	0.9	1.21852
ENST00000591464.5	74378	76	16858.8	0.304862	0.99047
ENST00000589742.5	102738	3	10000	0.35	1.41389
ENST00000595618.5	137515	6	10000	0.5	0.986
ENST00000594824.5	137499	4	10000	0.5	0.988
ENST00000417582.6	106689	8	10000	0.2	0.994737
ENST00000436370.7	134765	5	10000	0.4	0.839583
ENST00000308624.9	255000	11	19481.8	0.320842	1.13305
ENST00000407292.1	255000	12	19481.8	0.372631	1.11606
ENST00000463662.5	183459	16	23131.1	0.590413	0.899128
ENST00000382125.8	188958	56	23330.5	0.566489	0.903794
ENST00000486484.5	142964	38	20000	0.466667	1.61042
ENST00000305997.7	151124	43	19002.9	0.414397	1.56261
ENST00000423674.5	116959	35	20000	0.283333	1.29474
ENST00000381765.7	123918	50	17454.3	0.268605	1.28874
ENST00000381685.9	118313	3	10000	0.25	1.02143
ENST00000345985.7	119207	3	10000	0.25	1.02143
ENST00000261535.7	128782	25	20000	0.366667	1.55476
ENST00000315872.10	164825	56	25000	0.625	1.57037
ENST00000281513.9	255000	3	10000	0.75	1.14388
ENST00000351948.8	90019	4	10000	0.9	1.25938
ENST00000361078.6	102159	4	10000	0.55	1.075
ENST00000486442.5	255000	4	10000	0.35	1.2398
ENST00000361999.7	157446	20	20000	0.183333	1.35
ENST00000496333.5	152142	43	19002.9	0.414397	1.39848
ENST00000401432.7	105759	5	10000	1.35	1.12368
ENST00000402191.5	112912	4	10000	1.15	1.0975
ENST00000380756.7	109513	3	10000	0.85	1.39211
ENST00000336112.8	140775	4	10000	0.7	1.22885
ENST00000495146.5	101241	5	10000	0.4	1.16944
ENST00000264710.4	103345	5	10000	0.4	1.16944
ENST00000450961.5	79582	3	10000	0.65	1.4
ENST00000434719.1	78849	3	10000	0.85	1.37692
ENST00000603461.1	134705	4	10000	0.5	1.52083
ENST00000361704.6	255000	7	10000	0.5	1.35714
ENST00000476535.1	114791	35	25000	0.6625	1.23529
ENST00000621856.1	90529	3	10000	0.45	1.57188
ENST00000280527.6	195210	7	10000	0.05	1.41216
ENST00000426856.1	108213	7	10000	0.1	1.48947
ENST00000484274.1	80901	85	25000	0.475	1.53182
ENST00000263881.7	188047	41	25000	0.5	1.40469
ENST00000318522.9	163199	3	10000	0.1	1.37
ENST00000401738.3	161414	3	10000	0.1	1.355
ENST00000405006.8	255000	4	10000	0.8	1.17449
ENST00000402247.5	187836	7	10000	0.55	1.44429
ENST00000421201.1	191690	6	10000	0.1	1.31806
ENST00000306156.7	255000	5	10000	0.1	1.25
ENST00000419035.1	131018	22	35000	0.391667	0.797368
ENST00000441997.5	152351	21	35000	0.416667	0.771739
ENST00000403359.7	98874	48	20000	0.466667	1.43333
ENST00000389993.7	106407	65	25000	0.5	1.36562
ENST00000494922.6	189546	65	20000	0.983333	0.813636
ENST00000615901.4	215129	4	10000	0.45	1.43293
ENST00000336838.10	131772	3	10000	0.2	1.39375
ENST00000429095.5	255000	41	37534.1	0.438002	0.712756
ENST00000472729.1	247335	11	30000	0.44	1.12907
ENST00000405482.5	159253	5	10000	1	1.35862
ENST00000418148.5	150810	38	19002.9	0.564345	1.07901
ENST00000272321.11	255000	59	17588.9	0.571976	1.08167
ENST00000272322.8	126017	6	10000	0.35	1.21304
ENST00000303795.8	112602	3	10000	0.25	1.3425
ENST00000445692.5	112560	3	10000	0.3	1.34
ENST00000409349.7	159162	6	10000	0.85	1.04483
ENST00000409068.5	182255	68	17771	0.491036	1.26814
ENST00000614410.4	187709	7	10000	0.1	1.20714
ENST00000282111.3	176979	47	18418	1.01179	1.21772
ENST00000418629.6	181196	7	10000	0.2	1.25
ENST00000186436.9	239552	42	20000	0.666667	1.21279
ENST00000409540.7	136872	38	18852.7	0.421013	1.17452
ENST00000376840.8	143637	54	18907.5	0.574771	1.20574
ENST00000425019.5	193753	29	19261.9	0.466946	1.26709
ENST00000639249.1	196559	5	10000	0.95	1.32432
ENST00000451463.6	149212	42	18957.4	0.68506	1.2471
ENST00000409501.7	100792	53	20000	0.616667	1.45625
ENST00000263708.6	224188	34	25000	0.625	1.37051
ENST00000485247.1	122305	57	18650.5	0.518884	1.39287
ENST00000409078.7	255000	24	15000	0.45	1.23125
ENST00000259253.10	104367	4	10000	0.75	1.21667
ENST00000492193.1	177256	7	10000	1.15	1.21515
ENST00000264159.10	255000	5	10000	1.05	1.19082
ENST00000483021.5	71216	4	10000	1.2	1.4125
ENST00000488035.5	100475	3	10000	1.2	1.39444
ENST00000463875.6	255000	39	19481.8	0.645792	1.23302
ENST00000479735.1	86974	4	10000	1.1	1.37
ENST00000392857.9	90325	27	20000	0.233333	1.35
ENST00000638090.1	255000	4	10000	0.85	1.31429
ENST00000397424.2	116390	52	23127.5	0.262143	1.08028
ENST00000435030.5	151510	5	10000	0.4	1.26071
ENST00000334166.8	143612	3	10000	1.65	1.38654
ENST00000288670.13	255000	29	19481.8	0.466633	1.58371
ENST00000392825.7	255000	6	10000	0.5	1.45
ENST00000434213.1	72603	6	10000	0.5	1.47917
ENST00000540309.5	146920	4	10000	0.75	1.37222
ENST00000424669.5	95409	8	10000	0.5	1.36765
ENST00000283233.9	255000	14	41999.4	0.162094	0.90846
ENST00000421462.5	205549	4	10000	0.55	1.16282
ENST00000263635.7	255000	5	10000	0.3	1.21735
ENST00000477486.1	126057	29	20000	0.516667	1.44524
ENST00000482917.1	124631	34	20000	0.55	1.3625
ENST00000409634.5	142617	31	20000	0.55	1.28958
ENST00000488342.5	128581	3	10000	1.2	1.3587
ENST00000439313.5	113061	6	10000	1.2	1.3575
ENST00000409420.1	106086	3	10000	0.45	1.40526
ENST00000442316.1	255000	7	10000	1.80914e-182	1.36633
ENST00000392687.4	255000	25	18984	0.34245	1.32814
ENST00000413010.5	132220	7	10000	0.1	1.18333
ENST00000442541.1	94450	18	14299.7	0.65	1.19161
ENST00000447486.5	110859	5	10000	0.6	1.2125
ENST00000263812.8	109449	4	10000	0.8	1.26316
ENST00000375213.7	192052	4	10000	0.35	1.125
ENST00000409546.5	173124	3	10000	0.6	1.30469
ENST00000451799.1	90197	29	15000	0.7	1.25
ENST00000409156.7	205381	15	14411.2	0.71564	1.24359
ENST00000409888.1	145651	6	10000	0.3	1.34074
ENST00000286063.10	255000	3	10000	0.45	1.09082
ENST00000440010.5	112951	7	10000	1.1	1.485
ENST00000452991.1	90220	5	10000	0.45	1.4125
ENST00000410066.5	255000	4	10000	0.35	1.3102
ENST00000602710.5	82318	3	10000	1.05	1.31786
ENST00000361354.8	129358	32	20000	0.3	1.40714
ENST00000360982.2	113982	68	25000	0.4625	1.47647
ENST00000261023.7	90837	4	10000	0.4	1.44375
ENST00000374907.7	90818	4	10000	0.4	1.44375
ENST00000409637.7	248878	4	10000	1.3	1.49894
ENST00000392332.7	115970	5	10000	0.95	1.07857
ENST00000438652.5	95280	7	10000	1.81424e-192	1.45294
ENST00000260983.7	255000	39	20000	1.06667	1.12553
ENST00000282272.14	255000	34	19379.3	0.497705	1.18875
ENST00000443023.5	189238	3	10000	0.55	1.27286
ENST00000409397.6	163089	25	20000	0.316667	1.53393
ENST00000392238.2	134570	30	18792.3	0.32373	1.35813
ENST00000481658.1	89744	48	20000	0.366667	1.20385
ENST00000438828.3	71589	4	10000	1.2	0.9875
ENST00000449802.5	204996	3	10000	0.4	1.44211
ENST00000457812.5	140918	45	18907.5	0.410723	1.06974
ENST00000406610.6	255000	4	10000	0.1	1.27959
ENST00000412387.5	255000	37	192408	0.18923	0.831367
ENST00000457206.1	125458	8	10000	0.65	0.954348
ENST00000427836.7	204273	6	10000	0.6	1.02237
ENST00000417946.5	98793	3	10000	2	1.27059
ENST00000430249.6	201399	4	10000	2	1.39342
ENST00000452556.5	255000	3	10000	1.2	1.13776
ENST00000447990.1	138042	4	10000	1.2	1.19
ENST00000607412.1	153046	3	10000	0.1	0.998214
ENST00000418019.5	113477	4	10000	0.9	1.225
ENST00000258399.7	118111	3	10000	0.85	1.22857
ENST00000409854.5	146685	3	10000	0.65	1.43889
ENST00000392069.6	99094	3	10000	0.8	1.45588
ENST00000264414.8	115199	83	30000	0.57	1.34118
ENST00000258418.9	108231	5	10000	0.55	1.29211
ENST00000409788.7	105203	5	10000	0.55	1.28684
ENST00000441279.5	125845	5	10000	0.25	1.0587
ENST00000416021.5	89060	200	15884.2	0.302804	1.21107
ENST00000635100.1	255000	29	18504.3	0.279747	1.27369
ENST00000544989.1	164414	177	15935.3	0.342766	1.07071
ENST00000252032.9	158321	6	10000	0.2	1.11379
ENST00000262919.9	180083	7	10000	0.9	1.16176
ENST00000446916.2	144840	7	10000	0.9	1.15385
ENST00000407043.6	255000	4	10000	0.45	1.56837
ENST00000334534.9	192732	4	10000	0.6	1.4375
ENST00000455532.5	155677	5	10000	0.45	1.29828
ENST00000354981.6	255000	6	10000	0.35	1.19796
ENST00000636835.1	255000	6	10000	0.35	1.19796
ENST00000340348.10	113928	3	10000	1.15	1.185
ENST00000202677.11	255000	33	19481.8	0.583896	1.37057
ENST00000471007.1	128472	40	18725.2	0.490351	1.35516
ENST00000375279.6	159920	32	20000	0.533333	1.39259
ENST00000333552.9	83130	123	25000	0.425	1.19545
ENST00000374864.8	148159	4	10000	0.6	1.20556
ENST00000262650.10	144724	3	10000	0.6	1.21154
ENST00000612493.4	110856	5	10000	0.55	1.1375
ENST00000397040.5	105960	5	10000	0.2	1.18158
ENST00000361337.2	95670	3	10000	0.6	1.28235
ENST00000558993.1	132366	3	10000	0.65	1.37708
ENST00000373222.3	121567	33	20000	0.333333	1.2325
ENST00000372004.7	154976	6	10000	0.15	1.31429
ENST00000371997.3	153802	6	10000	0.15	1.3125
ENST00000371941.3	203632	109	27574.1	0.451167	1.22409
ENST00000371917.4	114804	9	10000	0.3	0.9775
ENST00000245663.8	87549	4	10000	0.95	1.23667
ENST00000302995.2	86720	4	10000	0.95	1.25
ENST00000400202.5	103766	33	20000	0.333333	1.5
ENST00000285679.10	148887	9	10000	1.99201e-62	1.24815
ENST00000286827.7	255000	40	18984	0.57094	1.31248
ENST00000270112.6	130750	3	10000	1.05	1.56458
ENST00000399353.5	194619	38	19261.9	0.471537	1.45998
ENST00000451686.5	92552	65	20000	0.533333	1.75714
ENST00000443408.6	98002	6	10000	0.5	1.51176
ENST00000344691.8	100890	4	10000	0.4	1.21667
ENST00000338785.7	147801	33	20000	0.433333	1.25
ENST00000333229.6	129644	5	10000	1.2	1.30435
ENST00000291572.12	121351	22	14504.9	0.8	1.0038
ENST00000348831.8	151961	6	10000	0.75	1.20357
ENST00000480896.5	120882	5	10000	0.8	0.875
ENST00000342247.9	184780	50	18471	0.356132	1.37098
ENST00000615606.4	110929	3	10000	1.15	1.02
ENST00000255882.10	151122	41	19002.9	0.432251	1.07023
ENST00000405822.6	167281	4	10000	0.4	1.09677
ENST00000398319.6	167211	4	10000	0.35	1.09355
ENST00000437398.5	146923	35	13599.5	1	1.06849
ENST00000358654.2	171459	27	14073.2	1	0.998397
ENST00000406486.8	241728	4	10000	0.7	1.05652
ENST00000544604.6	173896	7	10000	0.75	1.04844
ENST00000382112.7	152154	3	10000	0.8	1.11786
ENST00000441821.5	77214	99	17213.6	0.604372	1.13986
ENST00000438146.6	255000	5	10000	0.65	1.23061
ENST00000216181.9	106738	6	10000	0.55	1.05789
ENST00000301923.13	255000	9	10000	0.3	1.03367
ENST00000355630.7	226405	28	20000	0.4	1.24878
ENST00000466278.1	117118	35	20000	0.383333	1.35789
ENST00000263253.8	88294	5	10000	0.4	1.07667
ENST00000389774.6	110227	5	10000	0.2	1.16
ENST00000414269.1	120227	5	10000	0.65	1.18864
ENST00000359139.7	101787	4	10000	0.65	1.00556
ENST00000448413.5	255000	5	10000	0.85	0.95102
ENST00000272902.9	106136	4	10000	0.85	0.873684
ENST00000302640.12	255000	4	10000	0.7	1.24694
ENST00000357086.9	255000	4	10000	0.7	1.24694
ENST00000415439.5	82168	5	10000	0.45	1.125
ENST00000354449.7	255000	27	14027	1	1.00104
ENST00000621198.4	186999	62	18106.8	0.62066	1.07173
ENST00000620175.4	181323	63	18028.8	0.618734	1.0708
ENST00000254508.6	104075	3	10000	0.65	1.02778
ENST00000475707.5	94718	30	15000	0.9	1.05333
ENST00000412318.5	192184	28	20000	0.416667	1.37941
ENST00000399451.6	192536	28	20000	0.4	1.38088
ENST00000615277.4	205636	5	10000	0.75	1.35385
ENST00000429383.8	255000	4	10000	0.5	1.63673
ENST00000485432.1	156397	6	10000	0.5	1.5431
ENST00000335798.8	255000	27	18984	0.356695	1.36437
ENST00000475680.5	80295	4	10000	1.1	1.15
ENST00000428492.5	255000	4	10000	0.4	1.55918
ENST00000447414.5	255000	3	10000	0.25	1.54184
ENST00000437042.6	169670	3	10000	0.25	1.35484
ENST00000462272.5	167934	3	10000	0.2	1.37419
ENST00000437179.5	107742	39	20000	0.466667	1.39118
ENST00000425128.6	111700	39	20000	0.45	1.4
ENST00000635992.1	255000	105	19907.1	0.519076	0.952866
ENST00000453168.5	87637	49	20000	0.366667	1.42692
ENST00000465626.1	101541	4	10000	0.7	1.50556
ENST00000307526.3	131647	4	10000	0.35	1.42083
ENST00000421391.5	108386	5	10000	0.2	1.30789
ENST00000483037.5	81186	6	10000	0.75	1.34286
ENST00000416425.5	101509	4	10000	0.6	1.17222
ENST00000443503.6	122510	40	20000	0.75	1.605
ENST00000420927.5	79845	5	10000	0.2	0.969231
ENST00000487159.5	212088	29	20000	0.5	1.31842
ENST00000430121.2	78137	6	10000	0.45	1.21923
ENST00000292246.7	255000	5	10000	0.85	1.19796
ENST00000409792.3	147279	143	21451.7	0.437748	1.24484
ENST00000423088.5	171940	20	15000	0.75	1.35645
ENST00000468075.2	111275	4	10000	0.7	1.2875
ENST00000296452.4	117057	3	10000	1.05	0.97381
ENST00000474012.1	78951	3	10000	0.9	1.02692
ENST00000295951.7	172939	4	10000	0.6	1.2125
ENST00000495879.1	209827	5	10000	0.55	1.3641
ENST00000295874.14	255000	5	10000	0.6	1.36531
ENST00000330909.12	255000	5	10000	0.3	1.48469
ENST00000464060.5	255000	18	15000	0.4	1.51979
ENST00000464350.6	167053	55	22883.6	0.416642	0.823613
ENST00000492795.1	246002	4	10000	1.1	0.97766
ENST00000482677.5	255000	3	10000	1	1.04184
ENST00000352241.8	228902	10	14473.3	0.188881	1.57325
ENST00000495741.1	139866	17	13994.9	0.177652	1.60863
ENST00000318789.8	255000	3	10000	0.65	1.18265
ENST00000461745.5	255000	33	18984	0.438817	1.3309
ENST00000407528.6	255000	28	18504.3	0.705538	1.3646
ENST00000470610.6	255000	4	10000	0.3	1.56429
ENST00000394091.5	188912	65	22873.1	0.619393	1.43517
ENST00000306107.9	209992	3	10000	0.35	1.62051
ENST00000472644.6	209519	3	10000	0.55	1.62692
ENST00000264122.8	213583	5	10000	0.45	1.56625
ENST00000454540.5	187046	3	10000	0.75	1.35571
ENST00000361582.7	105165	4	10000	0.9	1.21579
ENST00000493615.5	121372	37	25000	0.3375	1.46579
ENST00000488663.1	255000	5	10000	0.45	1.04184
ENST00000357258.8	255000	8	10000	0.45	1.04286
ENST00000264235.12	255000	29	20000	0.4	1.29574
ENST00000495504.5	136345	8	10000	0.9	1.438
ENST00000264233.5	114576	5	10000	0.9	1.09
ENST00000261038.5	86345	24	15000	0.65	1.17857
ENST00000464489.5	255000	46	25000	0.6625	0.854348
ENST00000360772.7	255000	21	19481.8	0.596421	0.856039
ENST00000484491.5	143174	5	10000	0.5	1.20192
ENST00000514908.5	230930	7	10000	0.5	1.25114
ENST00000483457.1	255000	9	10000	0.95	1.00714
ENST00000484438.1	187841	6	10000	0.95	1.04429
ENST00000510168.5	109140	61	20000	0.6	1.60882
ENST00000428331.6	108616	21	15000	0.25	1.63056
ENST00000512662.5	255000	6	10000	0.65	1.24082
ENST00000460933.5	93336	85	25000	0.4375	1.39231
ENST00000620660.4	93611	81	25000	0.425	1.39231
ENST00000606977.5	75642	6	10000	0.85	1.24231
ENST00000490467.5	179641	8	10000	0.35	1.33636
ENST00000480733.1	234324	42	18855.8	0.476753	1.0296
ENST00000434713.6	255000	38	18984	0.481552	1.04237
ENST00000461822.5	108738	4	10000	0.55	1.08158
ENST00000477593.5	180735	4	10000	0.3	1.27794
ENST00000464320.5	74665	4	10000	1.35	1.63333
ENST00000479238.1	84572	4	10000	1	1.31786
ENST00000491086.5	147813	7	10000	0.5	1.12222
ENST00000273432.8	255000	49	24361.9	0.662641	1.27004
ENST00000460591.5	176026	10	10000	0.35	1.20152
ENST00000465817.1	136386	3	10000	0.55	1.258
ENST00000496455.6	73491	4	10000	0.35	1.29167
ENST00000476899.5	244507	56	18398.7	0.484267	1.08985
ENST00000638311.1	131971	3	10000	0.75	1.76875
ENST00000497343.5	255000	4	10000	0.3	1.47959
ENST00000498165.5	255000	8	10000	0.4	1.46633
ENST00000465393.1	113472	3	10000	1.2	1.835
ENST00000341852.10	255000	3	10000	1.2	1.66224
ENST00000423427.1	208354	4	10000	0.45	1.30256
ENST00000434257.1	255000	4	10000	0.65	0.776531
ENST00000491623.2	116900	31	20000	0.416667	1.26842
ENST00000630833.2	145549	25	20000	0.366667	1.31
ENST00000323116.9	128136	4	10000	0.15	1.27391
ENST00000497959.5	83955	5	10000	0.4	0.992857
ENST00000328913.7	250233	26	18960.7	0.431389	1.06249
ENST00000466476.1	128478	5	10000	0.3	1.2587
ENST00000382199.6	181318	5	10000	0.25	1.23971
ENST00000433971.5	255000	10	63078.7	0.167874	0.872754
ENST00000454309.6	255000	5	10000	0.55	1.22551
ENST00000489140.1	90567	3	5.53898e+17	0	0
ENST00000481463.5	99671	4	10000	0.4	1.29706
ENST00000392381.7	219653	4	10000	0.7	1.36098
ENST00000505286.5	126269	4	10000	0.25	1.15
ENST00000502693.1	95665	28	15000	0.9	1.04375
ENST00000507908.5	117174	4	10000	0.2	1.15714
ENST00000409021.7	174357	4	10000	1.05	1.25781
ENST00000307659.5	101425	5	10000	0.6	1.34722
ENST00000505872.5	191700	4	10000	1.1	0.852778
ENST00000508274.5	116608	5	10000	0.55	1.24286
ENST00000288723.8	116642	5	10000	0.6	1.24762
ENST00000637787.1	179864	36	20000	0.45	1.35806
ENST00000326877.8	180678	42	19210.6	0.449076	1.35344
ENST00000503823.5	255000	6	10000	0.8	1.12041
ENST00000506956.5	95952	47	18098.8	0.280113	1.34693
ENST00000514380.5	109733	85	25000	0.4375	1.3625
ENST00000264866.8	171436	23	20000	0.316667	1.38667
ENST00000515568.1	78792	44	20000	0.3	1.53636
ENST00000494628.6	144551	47	18907.5	0.406795	1.3262
ENST00000303965.8	178512	4	10000	0.5	1.39697
ENST00000314117.8	95577	23	15000	0.6	0.80625
ENST00000446803.6	112756	4	10000	0.3	1.3675
ENST00000261425.7	77171	44	20000	0.616667	1.55
ENST00000508137.6	77149	44	20000	0.616667	1.54545
ENST00000399820.7	103407	4	10000	1.25	1.26111
ENST00000261435.10	101427	3	10000	0.6	1.08333
ENST00000295971.11	205527	3	10000	1.5	1.13333
ENST00000514782.5	191642	3	10000	1.5	1.13194
ENST00000502682.1	151046	27	20000	0.316667	1.25769
ENST00000512820.5	255000	4	10000	0.45	1.1551
ENST00000264449.14	248717	43	25000	0.4125	1.24659
ENST00000381668.9	248733	21	25000	0.4	1.25
ENST00000514170.5	80616	43	33125.2	0.248936	3.34193e-82
ENST00000381501.7	134082	7	10000	0.6	1.31458
ENST00000515684.1	134161	7	10000	0.45	1.38958
ENST00000502520.5	145905	22	15000	0.475	1.425
ENST00000611795.1	92363	4	10000	0.15	1.12813
ENST00000435527.6	82849	5	10000	1.15	1.29286
ENST00000636006.1	255000	3	10000	0.85	1.30714
ENST00000512091.6	255000	3	10000	0.85	1.48061
ENST00000432638.6	255000	14	14084.5	0.267442	1.37629
ENST00000264485.10	255000	5	10000	1.1	1.30204
ENST00000425175.5	255000	8	10000	1.1	1.31531
ENST00000505193.1	126370	4	10000	0.7	1.45217
ENST00000286657.9	255000	3	10000	0.65	1.42959
ENST00000358602.8	185410	5	10000	0.85	1.11286
ENST00000330838.10	183113	5	10000	0.85	1.11176
ENST00000264893.10	88912	4	10000	0.5	1.47667
ENST00000512485.5	99386	7	10000	0.2	1.51471
ENST00000325942.10	255000	3	10000	0.5	1.44694
ENST00000389010.7	103094	65	18241.3	0.629034	1.31693
ENST00000335016.9	135808	68	17814.9	0.618356	1.35321
ENST00000346652.10	95164	6	10000	1	1.24706
ENST00000510557.5	85328	5	10000	0.1	1.41667
ENST00000509172.1	105939	5	10000	0.2	1.27105
ENST00000295888.8	255000	4	10000	0.2	1.27755
ENST00000503995.5	255000	3	10000	0.2	1.37143
ENST00000639989.1	255000	6	10000	0.75	0.702041
ENST00000513186.6	255000	4	10000	0.8	0.738776
ENST00000316707.10	220418	5	10000	0.15	1.28929
ENST00000512339.5	201784	11	10000	0.2	1.12368
ENST00000502459.5	255000	24	39176.6	0.381788	1.08631
ENST00000420646.6	112878	5	10000	1.15	1.53
ENST00000542407.5	213545	4	10000	0.6	1.36
ENST00000513796.5	255000	3	10000	0.55	1.43571
ENST00000453304.5	255000	4	10000	0.55	1.43673
ENST00000509011.5	130697	7	10000	0.35	1.37083
ENST00000339360.9	180817	5	10000	0.35	1.29265
ENST00000515440.5	179514	47	19182.1	0.63591	1.49361
ENST00000508798.5	188204	47	19237.1	0.723208	1.45059
ENST00000394853.8	255000	4	10000	0.4	1.44898
ENST00000514870.1	86816	4	10000	0.25	1.23
ENST00000515279.5	138911	4	10000	0.75	1.246
ENST00000394706.7	255000	7	10000	0.45	1.3398
ENST00000394708.6	255000	7	10000	0.45	1.32959
ENST00000503862.5	83524	4	10000	0.45	1.54286
ENST00000399127.5	255000	4	10000	1.1	1.07551
ENST00000504968.6	105975	6	10000	0.1	1.38158
ENST00000265175.5	107082	5	10000	0.1	1.38947
ENST00000296402.9	255000	3	10000	1.25	1.55408
ENST00000280551.10	113316	4	10000	0.35	1.4675
ENST00000394439.5	133688	3	10000	1.05	1.66458
ENST00000264501.8	210420	5	10000	0.35	1.31125
ENST00000274008.4	255000	3	10000	0.65	1.10102
ENST00000326639.10	150721	9	10000	0.65	1.29464
ENST00000281142.9	209615	56	18690.8	0.506105	1.1745
ENST00000442267.2	135356	10	10000	0.45	1.338
ENST00000515673.6	255000	18	20000	0.35	1.53085
ENST00000507462.5	134598	3	10000	0.55	1.23333
ENST00000262995.8	137807	4	10000	0.45	1.414
ENST00000507030.5	255000	3	10000	0.9	1.37041
ENST00000432059.6	255000	3	10000	0.75	1.38265
ENST00000336498.7	255000	5	10000	0.5	1.33367
ENST00000512865.5	255000	6	10000	0.15	1.57551
ENST00000411937.6	178450	4	10000	0.55	1.29091
ENST00000510413.5	255000	36	19481.8	0.65116	1.27515
ENST00000357115.7	255000	48	24284.5	0.762942	1.26796
ENST00000511501.5	125425	31	20000	0.333333	1.45
ENST00000604872.5	124081	6	10000	0.5	1.325
ENST00000281708.8	214843	5	10000	0.35	1.31
ENST00000353617.6	131973	5	10000	0.4	1.11875
ENST00000409663.7	170366	6	10000	0.4	1.425
ENST00000409959.7	170363	6	10000	0.4	1.42656
ENST00000502773.5	210941	4	10000	0.3	1.45
ENST00000505478.5	210591	4	10000	0.35	1.5325
ENST00000504560.5	119199	3	10000	0.9	1.70238
ENST00000513213.5	157219	3	10000	0.7	1.71724
ENST00000511092.5	76513	66	20000	0.5	1.25909
ENST00000265000.8	155215	53	19044.7	0.559189	1.61558
ENST00000280190.8	114179	3	10000	1.5	1.5875
ENST00000403733.7	221485	33	25000	0.425	1.34103
ENST00000448232.6	218943	35	25000	0.4375	1.33158
ENST00000504273.5	159735	7	10000	0.15	1.26207
ENST00000614102.4	136039	42	20000	0.5	1.32609
ENST00000512070.6	255000	44	24361.9	0.473906	1.22735
ENST00000513115.1	102857	26	15000	0.3	1.41765
ENST00000284268.6	166975	19	15000	0.2	1.37333
ENST00000502436.5	155205	61	18164	0.259342	1.36357
ENST00000274203.13	255000	28	19481.8	0.330318	1.32884
ENST00000511367.6	131565	3	10000	0.75	1.07917
ENST00000265109.7	176391	4	10000	1.1	1.29848
ENST00000514873.5	151013	6	10000	1.4	1.24464
ENST00000282516.12	189655	45	18520.6	0.289821	1.30395
ENST00000448238.2	187401	59	17841.3	0.257544	1.29633
ENST00000425232.6	143201	6	10000	0.85	1.17692
ENST00000510711.5	104703	6	10000	1.05	1.23889
ENST00000357387.7	136490	5	10000	1.05	1.276
ENST00000196371.9	140455	4	10000	0.75	1.23269
ENST00000512996.6	102288	3	10000	1.15	1.25833
ENST00000503561.7	174450	5	10000	1.05	1.33281
ENST00000506765.1	122664	28	18650.5	0.4218	1.16668
ENST00000510591.6	255000	40	24361.9	0.478578	1.38305
ENST00000502271.5	255000	39	24361.9	0.467314	1.39809
ENST00000230640.9	117822	5	10000	0.15	1.07381
ENST00000509667.5	93046	31	20000	0.85	1.53571
ENST00000453022.6	102506	6	10000	0.25	1.09167
ENST00000502658.1	207692	39	25000	0.3875	1.24722
ENST00000252744.5	213898	30	25000	0.5	1.22162
ENST00000381070.7	249834	3	10000	0.4	1.23511
ENST00000380985.9	107088	46	18364.5	0.525525	1.12802
ENST00000506539.5	71392	103	16858.8	0.475943	1.21574
ENST00000284037.9	156075	14	15000	0.15	1.35893
ENST00000509848.5	126782	55	20000	0.9	1.35
ENST00000274361.3	168582	29	20000	0.733333	1.29828
ENST00000261415.11	137472	5	10000	0.05	1.298
ENST00000241436.8	89389	8	10000	0.15	1.27333
ENST00000274364.10	255000	3	10000	0.25	1.43265
ENST00000519295.5	255000	4	10000	0.45	1.38061
ENST00000255194.10	255000	4	10000	0.4	1.38878
ENST00000621999.4	118489	9	10000	0.2	1.34286
ENST00000503686.5	138618	20	13994.9	0.839109	1.49748
ENST00000380345.6	163609	19	15000	0.8	1.46724
ENST00000334082.10	141582	3	10000	0.4	1.325
ENST00000509193.5	144369	11	15000	0.225	1.39
ENST00000503483.6	97402	7	10000	0.9	1.15
ENST00000512098.5	255000	5	10000	1.1	1.61735
ENST00000514493.5	255000	4	10000	0.7	1.63673
ENST00000542685.5	233513	39	20000	0.7	1.10476
ENST00000511817.1	255000	12	14390.8	0.5	1.12861
ENST00000274341.8	83809	31	40000	0.1	2.19443e-113
ENST00000274376.10	123040	7	10000	0.7	1.42273
ENST00000456692.6	122999	5	10000	0.75	1.44773
ENST00000395965.7	255000	6	10000	0.5	1.12143
ENST00000231368.9	102052	3	10000	0.7	1.50833
ENST00000512073.1	110928	3	10000	0.7	1.5575
ENST00000359660.9	255000	4	10000	0.55	1.31735
ENST00000542267.5	255000	7	10000	0.6	1.31429
ENST00000504143.6	255000	4	10000	1	1.08265
ENST00000502752.1	94035	4	10000	1	1.09688
ENST00000261483.4	177813	5	10000	0.2	1.3697
ENST00000504090.1	140767	8	10000	1.4	1.19615
ENST00000261486.5	255000	4	10000	0.8	1.36122
ENST00000507379.5	131533	9	10000	0.2	1.16875
ENST00000264773.7	134179	3	10000	1.95	1.17292
ENST00000515539.5	207184	3	10000	0.25	1.19231
ENST00000304058.8	150899	24	19002.9	0.617853	0.975963
ENST00000510708.5	149005	32	20000	0.516667	0.974
ENST00000511130.6	102196	76	25000	0.525	1.53333
ENST00000501173.6	116527	35	13608.3	1	0.869319
ENST00000262461.6	105923	51	20000	0.666667	1.36471
ENST00000343225.4	104595	9	10000	0.55	1.30833
ENST00000508989.5	209523	5	10000	1.25	1.55769
ENST00000502468.5	96226	4	10000	1.1	1.6
ENST00000305031.4	255000	3	10000	0.85	1.50408
ENST00000506419.5	95597	6	10000	0.15	1.26471
ENST00000505065.1	130568	7	10000	0.2	1.24583
ENST00000307968.11	155208	7	10000	0.5	1.11897
ENST00000615660.4	155349	8	10000	0.5	1.12241
ENST00000507002.5	147352	3	10000	0.75	1.18889
ENST00000297183.10	137605	6	10000	0.3	1.15
ENST00000394722.7	70557	6	10000	0.35	1.18333
ENST00000378004.7	255000	42	18984	0.492164	1.51099
ENST00000521769.5	80031	36	70000	0.1	8.78985e-31
ENST00000517395.5	106602	6	10000	0.45	1.34474
ENST00000523291.5	86161	3	10000	1	1.30333
ENST00000347982.8	161534	3	10000	0.85	1.11667
ENST00000380815.4	255000	5	10000	0.1	1.37755
ENST00000530346.5	153254	3	10000	0.75	1.08036
ENST00000534468.1	121461	4	10000	0.75	1.11818
ENST00000397588.7	177822	20	20000	0.216667	1.31129
ENST00000472453.5	178069	19	20000	0.216667	1.31129
ENST00000330636.8	158347	5	10000	1.1	0.936207
ENST00000324331.10	255000	6	10000	0.5	1.26122
ENST00000274680.8	255000	4	10000	0.55	1.27551
ENST00000489819.5	105138	23	15000	0.3	1.15833
ENST00000283141.10	87479	3	10000	0.55	1.13667
ENST00000491710.5	111396	5	10000	0.45	1.605
ENST00000379287.3	129726	5	10000	0.4	1.27826
ENST00000341776.6	255000	24	20000	0.5	1.4266
ENST00000506844.1	138936	5	10000	1.05	1.118
ENST00000244769.8	255000	4	10000	1.05	1.36327
ENST00000262077.2	91350	8	10000	0.15	1.13125
ENST00000537253.5	91800	9	10000	0.15	1.13437
ENST00000324607.7	110255	4	10000	0.15	1.3
ENST00000329474.6	255000	32	24361.9	0.588465	1.24917
ENST00000374023.7	109560	4	10000	0.1	1.33158
ENST00000374026.7	109572	3	10000	0.1	1.33158
ENST00000539068.5	115331	7	10000	0.45	1.26429
ENST00000474522.5	255000	7	10000	0.2	1.28061
ENST00000274867.8	112503	4	10000	1.05	0.9525
ENST00000538976.5	111881	4	10000	1.05	0.9475
ENST00000541110.5	227121	25	20000	0.966667	1.39512
ENST00000372899.5	129443	5	10000	0.5	1.37609
ENST00000459689.1	126469	6	10000	0.5	1.53478
ENST00000371459.5	255000	3	10000	0.5	1.38673
ENST00000359314.5	149475	46	25000	0.4375	1.32083
ENST00000487251.5	110866	40	20000	0.316667	1.67778
ENST00000370888.5	129142	14	15000	0.075	1.625
ENST00000306858.7	95252	3	10000	1.05	1.46176
ENST00000449297.6	255000	31	30000	0.54	1.43
ENST00000370598.5	255000	3	10000	1.35	1.36122
ENST00000361499.7	147082	3	10000	0.65	1.28704
ENST00000316999.9	193391	28	19261.9	0.346829	1.2903
ENST00000619054.4	193482	36	18567.1	0.339328	1.32936
ENST00000517433.5	218337	12	10000	0.7	0.904878
ENST00000422508.6	132532	4	10000	1.1	0.979167
ENST00000287097.5	132210	3	10000	1.1	0.983333
ENST00000370010.6	114396	6	10000	0.2	1.11
ENST00000369981.7	170346	3	10000	0.35	1.44687
ENST00000369977.7	167281	3	10000	0.3	1.43548
ENST00000275034.4	142370	3	10000	1	1.19423
ENST00000320393.8	239624	46	18884	0.685853	1.33483
ENST00000369705.3	220683	3	10000	0.5	1.26429
ENST00000369577.7	108648	38	20000	0.383333	1.19706
ENST00000496806.2	105025	38	20000	0.4	1.19706
ENST00000369475.7	255000	7	10000	0.1	1.14184
ENST00000369303.8	179507	5	10000	0.5	1.52879
ENST00000369261.8	216026	6	10000	0.55	1.47439
ENST00000369251.6	136009	5	10000	1.1	1.258
ENST00000369244.6	79389	4	10000	0.25	1.33077
ENST00000345080.4	126285	3	10000	0.75	1.24783
ENST00000369110.7	125520	3	10000	0.2	1.26304
ENST00000343245.7	140942	5	10000	0.15	1.27692
ENST00000369037.8	255000	4	10000	0.55	1.23673
ENST00000317357.9	170210	4	10000	0.6	1.22344
ENST00000368972.7	126057	4	10000	0.25	1.00435
ENST00000436639.6	108383	3	10000	0.55	1.12895
ENST00000230124.7	134117	4	10000	0.75	1.16667
ENST00000359451.6	80186	6	10000	0.5	1.32857
ENST00000413605.6	205232	31	20000	0.516667	1.53919
ENST00000612036.4	90204	4	10000	0.3	1.13438
ENST00000368851.9	135443	6	10000	0.3	1.238
ENST00000368802.7	184181	6	10000	0.2	1.31029
ENST00000358835.7	184664	6	10000	0.15	1.31765
ENST00000440395.1	91939	4	10000	0.9	1.02813
ENST00000520518.5	170015	8	10000	0.1	1.47188
ENST00000368682.7	212736	10	10000	0.1	1.4425
ENST00000419517.2	160226	27	20000	0.283333	1.30893
ENST00000521531.5	118270	5	10000	0.45	1.42619
ENST00000621231.4	118819	6	10000	0.45	1.42857
ENST00000368468.3	172553	3	10000	0.85	1.4875
ENST00000275159.10	254194	3	10000	0.8	1.2875
ENST00000368416.5	255000	3	10000	0.6	1.3449
ENST00000521654.6	130089	6	10000	0.7	1.29792
ENST00000368215.7	255000	7	10000	0.4	1.31429
ENST00000368226.8	255000	7	10000	0.45	1.32449
ENST00000368149.2	134094	63	17706.4	0.554873	1.22625
ENST00000530707.1	106445	5	10000	0.15	1.15
ENST00000431975.6	147870	5	10000	0.55	0.877778
ENST00000541650.5	147796	6	10000	0.5	0.87037
ENST00000414305.5	118958	63	85795.5	0.399156	0.325292
ENST00000265602.10	212481	3	10000	1.25	1.2975
ENST00000359015.4	235472	3	10000	1.3	1.39222
ENST00000251691.4	182743	5	10000	0.1	1.20441
ENST00000367663.8	82916	50	20000	0.35	1.37917
ENST00000258062.9	83392	49	20000	0.333333	1.37917
ENST00000367604.6	194888	3	10000	0.35	1.43611
ENST00000275235.8	255000	19	19253.4	0.8	1.23585
ENST00000433557.1	117484	3	10000	0.95	1.5619
ENST00000638554.1	109971	4	10000	0.25	0.736842
ENST00000566741.1	228322	3	10000	0.1	1.26163
ENST00000367467.7	209458	38	18690.8	0.448271	1.19352
ENST00000367463.4	255000	3	10000	0.3	1.43163
ENST00000618312.4	235553	3	10000	0.4	1.01111
ENST00000607772.5	123156	64	20000	0.7	1.4525
ENST00000367178.7	100736	4	10000	0.4	1.00833
ENST00000392185.7	121814	41	20000	0.483333	1.26
ENST00000620026.1	80427	4	10000	2.3795e-67	1.18929
ENST00000356956.5	142406	30	20000	0.383333	1.18542
ENST00000366911.9	144047	5	10000	0.85	1.18269
ENST00000338468.7	255000	28	20000	0.866667	1.10851
ENST00000366896.5	255000	7	10000	1.1	1.08265
ENST00000544266.1	86336	75	20000	0.883333	0.630769
ENST00000361758.8	159801	27	20000	0.266667	1.47407
ENST00000275262.11	155503	29	20000	0.3	1.49259
ENST00000366882.5	255000	6	10000	0.55	1.42245
ENST00000366806.6	142598	35	20000	0.4	1.34375
ENST00000403562.5	177909	3	10000	1.35	0.990909
ENST00000275364.7	116213	6	10000	0.75	1.0881
ENST00000328914.4	89135	7	10000	0.4	1.11
ENST00000350796.7	110869	10	10000	0.15	1.3825
ENST00000482067.3	255000	17	25000	0.4125	1.33587
ENST00000396675.7	148744	3	10000	2	1.03704
ENST00000265577.11	148952	3	10000	2	1.01667
ENST00000403050.7	129784	5	10000	0.55	1.14565
ENST00000490957.5	89166	4	10000	0.6	1.05333
ENST00000482558.5	72150	54	20000	0.433333	1.47
ENST00000222584.7	86789	3	10000	0.6	1.03667
ENST00000440481.5	72862	55	20000	0.333333	1.38
ENST00000409761.5	114218	33	20000	0.35	1.625
ENST00000430180.5	92048	44	20000	0.383333	1.66429
ENST00000313367.6	183650	6	10000	5.43426e-88	1.37941
ENST00000396319.6	89075	4	10000	0.25	1.29
ENST00000396276.7	150867	3	10000	0.85	1.51786
ENST00000265299.6	120971	3	10000	0.7	1.11136
ENST00000297161.6	250962	3	10000	1.35	1.20417
ENST00000534978.1	146458	5	10000	0.75	1.02778
ENST00000613626.4	118987	34	20000	0.533333	1.37105
ENST00000395925.7	255000	3	10000	1	1.32653
ENST00000451651.5	83178	5	10000	0.4	1.23929
ENST00000438444.5	98566	3	10000	0.35	1.25
ENST00000355451.7	111760	4	10000	0.5	1.135
ENST00000297323.11	148595	5	10000	0.8	1.30741
ENST00000621543.1	89787	6	10000	0.9	1.30333
ENST00000428648.5	101255	9	10000	0.05	1.25833
ENST00000406775.6	255000	29	19481.8	0.363055	1.43935
ENST00000455841.6	148635	3	10000	0.6	0.927778
ENST00000424337.6	148493	4	10000	0.6	0.927778
ENST00000334955.12	86580	4	10000	0.45	1.20667
ENST00000445288.5	82532	5	10000	0.4	1.19286
ENST00000354212.8	255000	5	10000	1	1.0449
ENST00000411788.5	91000	3	10000	2	1.08125
ENST00000265361.7	176814	3	10000	1.65	1.21061
ENST00000356253.9	255000	3	10000	0.8	1.33061
ENST00000333891.13	255000	3	10000	1.15	1.47449
ENST00000423294.5	167792	57	43313.4	0.619419	1.40129
ENST00000493037.5	202003	3	10000	0.55	1.28553
ENST00000394654.3	201900	16	20000	0.55	1.32917
ENST00000398203.7	246853	3	10000	2	1.4617
ENST00000380050.7	255000	23	15000	0.325	1.21875
ENST00000358100.6	149522	24	18957.4	0.388795	1.31561
ENST00000265742.7	155151	9	10000	0.85	1.21897
ENST00000424848.2	221455	4	10000	0.8	1.29524
ENST00000433881.5	255000	8	10000	0.4	1.08163
ENST00000361368.6	116582	40	18566.7	0.363023	1.13109
ENST00000478915.1	115924	5	10000	0.9	0.92619
ENST00000419735.7	255000	4	10000	0.9	0.947959
ENST00000476846.5	255000	29	19481.8	0.414844	1.52427
ENST00000428084.5	255000	30	20000	0.433333	1.52553
ENST00000361822.7	136509	43	20000	0.55	1.48261
ENST00000450657.1	123774	14	15000	0.3	1.50238
ENST00000485446.1	116946	3	10000	0.65	1.40476
ENST00000297145.8	120770	3	10000	0.75	1.41591
ENST00000441290.6	255000	3	10000	0.45	1.24694
ENST00000318493.10	123938	3	10000	1.15	1.34773
ENST00000449022.6	255000	4	10000	1.4	1.31633
ENST00000313070.11	255000	3	10000	1.05	1.30408
ENST00000453342.5	214646	6	10000	0.95	1.01
ENST00000354725.7	255000	6	10000	0.25	1.08265
ENST00000471166.1	97661	5	10000	1.05	1.11471
ENST00000330992.8	121919	4	10000	1.2	0.811364
ENST00000425248.5	162511	5	10000	1.2	0.88
ENST00000431189.1	162370	5	10000	0.6	1.32333
ENST00000458153.5	160066	9	15000	0.1	1.23103
ENST00000491203.5	87473	42	20000	0.316667	1.12308
ENST00000315544.6	123058	34	20000	0.333333	1.185
ENST00000616381.4	126847	6	10000	0.8	1.2913
ENST00000456390.5	117801	7	10000	0.75	1.31429
ENST00000415680.6	125151	4	10000	0.35	1.21304
ENST00000497516.5	109804	4	10000	0.35	1.21316
ENST00000422774.1	143794	5	10000	0.95	1.15385
ENST00000428878.6	205150	8	10000	0.35	1.02692
ENST00000497784.1	190062	34	19261.9	0.461771	1.21335
ENST00000288602.10	190286	32	19261.9	0.446829	1.19849
ENST00000602748.5	102381	41	20000	0.383333	1.23125
ENST00000325222.8	102125	43	20000	0.416667	1.23125
ENST00000430044.6	96655	3	10000	0.25	1.21765
ENST00000423337.5	77377	4	10000	0.3	1.25769
ENST00000397282.2	95162	4	10000	2	0.947059
ENST00000461469.5	128877	6	10000	0.65	1.19565
ENST00000275418.11	95862	49	18098.8	0.280113	1.37619
ENST00000344683.9	241913	7	10000	0.15	0.871739
ENST00000276282.6	110292	7	10000	0.35	1.31
ENST00000310430.10	226433	21	20000	0.383333	1.17317
ENST00000518255.5	255000	13	14545.3	1.07858	1.02807
ENST00000382020.8	226427	34	18826.2	0.438367	1.32625
ENST00000503731.5	224177	61	18232.5	0.476533	1.34161
ENST00000318063.9	95407	5	10000	0.9	1.08529
ENST00000517317.5	99923	3	10000	7.25055e-159	1.30588
ENST00000381869.5	157123	3	10000	0.7	1.54655
ENST00000325083.12	105129	4	10000	0.5	1.22632
ENST00000519253.5	104776	4	10000	0.5	1.23611
ENST00000327040.12	255000	29	23756.6	0.260154	1.33137
ENST00000410074.5	86499	4	10000	0.2	1.58333
ENST00000276440.11	230852	4	10000	0.25	1.35455
ENST00000520164.5	203668	3	10000	1.85	1.27895
ENST00000522338.5	86161	6	10000	1.2	0.8
ENST00000523436.5	96103	23	15000	0.675	1.0625
ENST00000416984.6	122582	41	10000	0.8	1.11364
ENST00000287701.14	162341	25	20000	0.233333	1.21071
ENST00000560269.1	79512	61	20000	0.35	1.33636
ENST00000523968.1	112766	7	10000	0.95	1.3675
ENST00000298139.5	139969	105	22253.5	0.405917	1.09756
ENST00000379917.7	108119	5	10000	0.15	1.20789
ENST00000265713.6	122509	41	20000	0.5	1.425
ENST00000527306.1	101211	4	10000	0.55	1.25556
ENST00000524006.5	255000	27	20000	0.516667	1.21809
ENST00000314191.6	187076	4	10000	0.75	1.06
ENST00000429861.5	74882	64	20000	0.433333	1.37
ENST00000423902.6	189251	25	20000	0.416667	1.34242
ENST00000401827.7	124443	23	15000	0.4	1.39762
ENST00000262215.7	146029	3	10000	0.8	1.16667
ENST00000518698.5	255000	3	10000	0.5	1.25204
ENST00000523686.5	116789	3	10000	0.45	1.44286
ENST00000303824.11	164422	4	10000	0.55	1.065
ENST00000388741.6	164009	3	10000	0.55	1.05167
ENST00000523207.1	255000	5	10000	1.45	1.5
ENST00000522962.5	93321	3	10000	1.35	1.3
ENST00000494318.5	119221	3	10000	1.1	1.42857
ENST00000519303.6	133894	7	10000	0.3	1.325
ENST00000520795.5	118105	6	10000	0.3	1.32857
ENST00000544227.5	255000	6	10000	0.3	1.51122
ENST00000524190.1	129030	6	10000	0.9	0.993478
ENST00000521649.5	245951	22	24330	0.507734	1.2006
ENST00000355155.5	196522	4	10000	0.25	1.2473
ENST00000441350.2	108489	4	10000	0.25	1.29474
ENST00000220959.8	158954	5	10000	0.55	1.22931
ENST00000520539.5	159830	4	10000	0.5	1.22069
ENST00000519675.1	84752	8	10000	0.3	1.38214
ENST00000424843.6	99794	9	10000	0.3	1.44118
ENST00000521923.5	255000	9	240000	0.037234	1.35
ENST00000435082.1	94194	8	10000	0.4	1.16875
ENST00000519607.5	91444	6	10000	0.25	1.47813
ENST00000220888.9	255000	3	10000	0.35	1.17143
ENST00000518949.5	106979	4	10000	0.2	1.04474
ENST00000276682.8	121423	58	20000	0.15	1.0425
ENST00000437196.1	255000	5	10000	0.25	1.1949
ENST00000378204.6	255000	8	10000	0.2	1.19184
ENST00000629661.1	236664	7	40000	0.1	0.538462
ENST00000445741.5	255000	3	10000	1.5	1.51531
ENST00000314393.5	193119	5	10000	0.95	1.09306
ENST00000518146.5	90393	4	10000	0.55	1.08438
ENST00000504719.6	96443	46	20000	0.466667	1.29333
ENST00000523427.1	96378	45	20000	0.466667	1.29333
ENST00000399640.3	117093	9	10000	0.4	1.07381
ENST00000523399.5	234570	4	10000	0.65	0.928409
ENST00000523243.5	235258	6	10000	0.65	0.933333
ENST00000355849.9	190154	34	18567.1	0.197194	1.13937
ENST00000520892.5	121497	38	20000	0.516667	1.4225
ENST00000524325.5	191161	7	10000	0.65	0.645833
ENST00000262577.5	103799	5	10000	0.6	0.838889
ENST00000382297.6	241390	3	10000	1.2	1.21522
ENST00000357248.8	178435	15	20000	0.55	1.4629
ENST00000382004.7	255000	5	10000	0.45	1.45612
ENST00000449190.5	195688	4	10000	0.45	1.45405
ENST00000251879.10	140650	34	20000	0.333333	1.35625
ENST00000414202.6	147439	68	25000	0.375	1.41458
ENST00000640592.1	87165	4	10000	0.95	1.18333
ENST00000321612.7	113320	4	10000	0.55	1.1025
ENST00000438023.5	255000	6	15000	0.2	1.26458
ENST00000381306.7	255000	7	15000	0.2	1.26562
ENST00000397579.6	226980	4	10000	0.45	1.39651
ENST00000380701.7	255000	3	10000	0.4	1.26429
ENST00000380647.7	255000	10	20000	0.35	1.35106
ENST00000380641.4	167012	9	10000	0.5	1.31129
ENST00000434457.6	142164	9	10000	0.15	1.34808
ENST00000630269.2	255000	7	10000	0.3	1.54796
ENST00000380338.8	255000	37	19481.8	0.597581	1.57566
ENST00000263228.3	102838	7	10000	0.45	1.35
ENST00000378496.8	241951	6	10000	2.1235e-52	1.20326
ENST00000626154.2	104488	4	10000	1.15	1.11944
ENST00000540557.1	255000	4	10000	0.85	1.12551
ENST00000377707.3	150078	4	10000	0.7	1.07321
ENST00000361138.6	95927	3	10000	0.15	1.20882
ENST00000376896.7	195813	29	24107.7	0.370571	1.15961
ENST00000361255.7	164853	8	10000	1.3	0.893333
ENST00000545128.5	255000	4	10000	0.55	1.41633
ENST00000376752.8	255000	5	10000	0.55	1.42041
ENST00000357409.9	207658	26	19327.7	0.455717	1.4042
ENST00000286548.8	255000	40	20000	0.516667	1.48404
ENST00000376544.7	155110	3	10000	0.4	1.15862
ENST00000470872.5	152769	4	10000	0.5	1.15714
ENST00000376499.7	105623	3	10000	0.5	1.33158
ENST00000376083.7	195280	53	24107.7	0.405153	1.40883
ENST00000337006.8	195490	23	20000	0.283333	1.39857
ENST00000472344.1	140873	5	10000	0.75	1.30385
ENST00000375859.3	90276	75	25000	0.675	1.3
ENST00000375751.8	96763	7	10000	0.45	1.00294
ENST00000375747.5	96623	6	10000	0.45	1.00588
ENST00000277165.10	114386	4	10000	0.55	1.2725
ENST00000446420.2	80206	5	10000	0.55	1.22857
ENST00000297979.9	255000	5	10000	0.85	1.07653
ENST00000636777.1	255000	5	10000	0.3	0.923469
ENST00000288985.11	93140	4	10000	0.6	0.971875
ENST00000466840.5	91018	3	10000	0.65	0.96875
ENST00000375206.6	138791	4	10000	0.55	1.192
ENST00000262455.6	119862	37	20000	0.4	1.29737
ENST00000262457.6	201745	4	10000	1.1	1.36842
ENST00000466647.5	126911	4	10000	1.1	1.43043
ENST00000374720.7	152725	5	10000	0.25	1.33929
ENST00000374586.7	104794	20	15000	0.5	1.13824
ENST00000374530.7	255000	3	10000	0.6	0.969388
ENST00000602447.5	75109	67	20000	0.516667	1.29091
ENST00000467434.5	79416	3	10000	1.4	1.40769
ENST00000481558.1	154501	5	10000	0.35	1.01429
ENST00000362057.3	102890	4	10000	1.1	1.05833
ENST00000288520.9	255000	10	10000	0.1	1.19184
ENST00000473282.6	190810	3	10000	0.6	0.979167
ENST00000373855.5	102597	6	10000	0.95	0.858333
ENST00000373624.6	255000	5	10000	0.8	1.43265
ENST00000487099.6	254003	4	10000	0.35	1.39583
ENST00000497580.5	80071	6	10000	0.3	1.39286
ENST00000427078.5	164119	6	10000	0.85	1.25167
ENST00000361171.7	180193	4	10000	0.5	0.967647
ENST00000371850.7	230417	4	10000	0.65	1.02955
ENST00000481739.1	110440	44	22993.4	0.308227	1.18042
ENST00000380782.6	172314	6	10000	3.86185e-98	1.01562
ENST00000608176.5	255000	3	10000	1.25	1.24286
ENST00000379942.4	92299	4	10000	0.7	0.95625
ENST00000438357.1	72451	3	10000	0.9	1.28333
ENST00000492128.5	73581	3	10000	0.8	1.30417
ENST00000286824.6	126854	18	14528.1	0.7	1.29517
ENST00000324545.8	150945	7	10000	0.3	1.15179
ENST00000442742.6	255000	50	18504.3	0.426107	1.36999
ENST00000378154.1	255000	50	19481.8	0.466633	1.36823
ENST00000382899.8	239422	6	10000	0.3	1.18667
ENST00000475233.1	147016	7	10000	0.3	1.22963
ENST00000328306.4	153738	5	10000	0.35	1.38393
ENST00000616978.4	159921	8	10000	0.35	1.38448
ENST00000376091.7	169818	5	10000	0.4	1.30161
ENST00000342160.7	152074	4	10000	1.05	1.03571
ENST00000636392.1	116658	4	10000	1.05	1.17381
ENST00000355520.5	255000	5	10000	0.6	1.1102
ENST00000373542.8	135227	6	10000	1.15	1.314
ENST00000373545.7	135506	4	10000	1.15	1.274
ENST00000498407.5	123492	18	14504.9	0.7	1.10523
ENST00000498318.1	119764	4	10000	0.7	1.07143
ENST00000339447.8	102998	23	15000	0.65	1.23529
ENST00000373275.4	138835	4	10000	1.35	1.484
ENST00000463546.5	94962	3	10000	1.4	1.35312
ENST00000373177.2	181195	3	10000	1.35	1.25294
ENST00000467744.2	186125	4	10000	0.45	1.21
ENST00000373131.5	255000	4	10000	0.25	1.23265
ENST00000373125.8	255000	3	10000	0.25	1.23367
ENST00000373054.5	255000	4	10000	0.65	1.43776
ENST00000477085.1	171856	3	10000	0.9	1.45625
ENST00000470339.1	129094	4	10000	1.15	1.25435
ENST00000372073.5	174694	23	14360.1	0.95	1.16524
ENST00000317135.12	123457	5	10000	0.2	1.29773
ENST00000371882.5	218986	3	10000	0.55	1.32195
ENST00000254029.7	103853	136	16743.8	0.318787	1.19518
ENST00000276204.10	190266	6	10000	0.65	1.30694
ENST00000276202.8	190239	7	10000	0.65	1.30417
ENST00000435215.5	83231	5	10000	0.3	1.07143
ENST00000492263.1	223547	5	10000	0.7	0.965476
ENST00000427391.1	127994	4	10000	0.75	1.21087
ENST00000441399.2	214356	4	10000	0.75	0.7625
ENST00000370828.3	115388	5	10000	1.2	1.54286
ENST00000370557.5	206725	5	10000	0.4	1.42564
ENST00000449111.5	255000	4	10000	1	0.834694
ENST00000490530.1	77233	4	10000	0.25	1.26154
ENST00000491877.1	83710	137	21578.1	0.488077	1.16238
ENST00000437787.6	132478	76	22112	0.493198	1.15453
